0 0.15781250596046448 0.7229166626930237 0.1171875 0.28333333134651184
0 0.2734375 0.35208332538604736 0.17812499403953552 0.20624999701976776
0 0.07187499850988388 0.4729166626930237 0.14218750596046448 0.20624999701976776
0 0.4124999940395355 0.737500011920929 0.16093750298023224 0.2083333283662796
0 0.4124999940395355 0.90625 0.15312500298023224 0.18541666865348816
0 0.7890625 0.6000000238418579 0.16093750298023224 0.19583334028720856
0 0.5687500238418579 0.46875 0.17656250298023224 0.1979166716337204
0 0.528124988079071 0.21458333730697632 0.16875000298023224 0.23333333432674408
0 0.815625011920929 0.07083333283662796 0.16249999403953552 0.13958333432674408
0 0.6875 0.18958333134651184 0.15312500298023224 0.1979166716337204
0 0.676562488079071 0.40416666865348816 0.14531250298023224 0.24375000596046448
0 0.9125000238418579 0.6604166626930237 0.13124999403953552 0.19166666269302368
0 0.08906249701976776 0.16875000298023224 0.15000000596046448 0.22291666269302368
0 0.23749999701976776 0.10000000149011612 0.15312500298023224 0.19583334028720856
0 0.3765625059604645 0.08541666716337204 0.13593749701976776 0.1666666716337204
