0 0.40937501192092896 0.8354166746139526 0.15000000596046448 0.21458333730697632
0 0.7515624761581421 0.7041666507720947 0.1328125 0.18333333730697632
0 0.25468748807907104 0.5645833611488342 0.18906250596046448 0.21250000596046448
0 0.5171874761581421 0.5375000238418579 0.18125000596046448 0.18541666865348816
0 0.901562511920929 0.6770833134651184 0.1640625 0.1770833283662796
0 0.8765624761581421 0.9104166626930237 0.1796875 0.1770833283662796
0 0.23125000298023224 0.9291666746139526 0.17343750596046448 0.13958333432674408
0 0.10312499850988388 0.824999988079071 0.18437500298023224 0.18125000596046448
0 0.6578124761581421 0.3499999940395355 0.15156249701976776 0.21875
0 0.792187511920929 0.3645833432674408 0.13593749701976776 0.22291666269302368
0 0.5171874761581421 0.2854166626930237 0.13593749701976776 0.22291666269302368
0 0.609375 0.6645833253860474 0.171875 0.19374999403953552
0 0.9437500238418579 0.5 0.11093749850988388 0.18958333134651184
0 0.7046874761581421 0.9041666388511658 0.17656250298023224 0.18958333134651184
