0 0.4281249940395355 0.5791666507720947 0.15468749403953552 0.18958333134651184
0 0.815625011920929 0.5458333492279053 0.12343750149011612 0.1666666716337204
0 0.643750011920929 0.48750001192092896 0.17031249403953552 0.22083333134651184
0 0.6078125238418579 0.8791666626930237 0.17031249403953552 0.22083333134651184
0 0.4296875 0.84375 0.17031249403953552 0.22083333134651184
0 0.676562488079071 0.6833333373069763 0.171875 0.20624999701976776
0 0.729687511920929 0.16249999403953552 0.13750000298023224 0.19374999403953552
0 0.893750011920929 0.699999988079071 0.17812499403953552 0.1979166716337204
0 0.1171875 0.2541666626930237 0.16718749701976776 0.20416666567325592
0 0.2718749940395355 0.25 0.15468749403953552 0.18958333134651184
0 0.4296875 0.14791665971279144 0.16093750298023224 0.22083333134651184
0 0.5874999761581421 0.27291667461395264 0.15781250596046448 0.24375000596046448
0 0.932812511920929 0.21250000596046448 0.13437500596046448 0.2604166567325592
0 0.30000001192092896 0.06875000149011612 0.15468749403953552 0.13333334028720856
