0 0.737500011920929 0.46041667461395264 0.234375 0.23541666567325592
0 0.651562511920929 0.6916666626930237 0.20468750596046448 0.26249998807907104
0 0.5296875238418579 0.8895833492279053 0.17343750596046448 0.21875
0 0.3687500059604645 0.78125 0.1640625 0.24583333730697632
0 0.30937498807907104 0.6000000238418579 0.1640625 0.24583333730697632
0 0.15781250596046448 0.699999988079071 0.15312500298023224 0.24375000596046448
0 0.2640624940395355 0.375 0.21562500298023224 0.1979166716337204
0 0.39375001192092896 0.22083333134651184 0.15000000596046448 0.21250000596046448
0 0.7015625238418579 0.17499999701976776 0.171875 0.19166666269302368
0 0.785937488079071 0.9270833134651184 0.16718749701976776 0.14374999701976776
