0 0.26875001192092896 0.34166666865348816 0.17812499403953552 0.23541666567325592
0 0.15156249701976776 0.16875000298023224 0.15625 0.23333333432674408
0 0.40625 0.2541666626930237 0.10781250149011612 0.21041665971279144
0 0.40625 0.4833333194255829 0.17499999701976776 0.2291666716337204
0 0.3765625059604645 0.6895833611488342 0.15312500298023224 0.20624999701976776
0 0.5546875 0.6229166388511658 0.17343750596046448 0.21875
0 0.887499988079071 0.856249988079071 0.20156249403953552 0.24375000596046448
0 0.11406250298023224 0.5874999761581421 0.15781250596046448 0.21666666865348816
0 0.16249999403953552 0.737500011920929 0.19218750298023224 0.2604166567325592
0 0.573437511920929 0.39375001192092896 0.16562500596046448 0.21041665971279144
0 0.8140624761581421 0.18125000596046448 0.20781250298023224 0.1770833283662796
0 0.5718749761581421 0.08958332985639572 0.17812499403953552 0.1770833283662796
0 0.421875 0.08541666716337204 0.14687499403953552 0.1666666716337204
0 0.671875 0.875 0.18437500298023224 0.25
