0 0.18125000596046448 0.4520833194255829 0.15312500298023224 0.21041665971279144
0 0.3671875 0.23541666567325592 0.15312500298023224 0.21041665971279144
0 0.22812500596046448 0.28333333134651184 0.1484375 0.15833333134651184
0 0.33906251192092896 0.5229166746139526 0.171875 0.22499999403953552
0 0.4593749940395355 0.39375001192092896 0.20000000298023224 0.2291666716337204
0 0.7593749761581421 0.8583333492279053 0.17499999701976776 0.19166666269302368
0 0.8734375238418579 0.9104166626930237 0.15625 0.17916665971279144
0 0.7515624761581421 0.6416666507720947 0.20468750596046448 0.21875
0 0.8515625 0.3708333373069763 0.15781250596046448 0.21875
0 0.11874999850988388 0.17499999701976776 0.22031250596046448 0.21875
0 0.6265624761581421 0.45625001192092896 0.15781250596046448 0.24791666865348816
