0 0.28437501192092896 0.831250011920929 0.15312500298023224 0.18541666865348816
0 0.4937500059604645 0.9208333492279053 0.18437500298023224 0.15833333134651184
0 0.6937500238418579 0.3187499940395355 0.22187499701976776 0.22499999403953552
0 0.692187488079071 0.43958333134651184 0.18437500298023224 0.19166666269302368
0 0.24843749403953552 0.12916666269302368 0.14687499403953552 0.2562499940395355
0 0.25312501192092896 0.36666667461395264 0.18906250596046448 0.20624999701976776
0 0.6390625238418579 0.6625000238418579 0.13906249403953552 0.23749999701976776
0 0.8453124761581421 0.6000000238418579 0.14687499403953552 0.23749999701976776
0 0.910937488079071 0.34166666865348816 0.14218750596046448 0.26249998807907104
0 0.07968749850988388 0.2958333194255829 0.15781250596046448 0.2645833194255829
0 0.09531249850988388 0.5833333134651184 0.15625 0.25833332538604736
0 0.4937500059604645 0.40416666865348816 0.22499999403953552 0.20000000298023224
0 0.9515625238418579 0.7208333611488342 0.09531249850988388 0.22499999403953552
0 0.8359375 0.8854166865348816 0.16875000298023224 0.21458333730697632
