0 0.2750000059604645 0.9083333611488342 0.17812499403953552 0.1770833283662796
0 0.3812499940395355 0.08958332985639572 0.17812499403953552 0.17499999701976776
0 0.8656250238418579 0.5791666507720947 0.16562500596046448 0.20000000298023224
0 0.895312488079071 0.8999999761581421 0.16562500596046448 0.20000000298023224
0 0.5562499761581421 0.4749999940395355 0.1796875 0.22083333134651184
0 0.23906250298023224 0.15416666865348816 0.1796875 0.22083333134651184
0 0.15937499701976776 0.3583333194255829 0.1796875 0.22083333134651184
0 0.15781250596046448 0.675000011920929 0.16875000298023224 0.2562499940395355
0 0.917187511920929 0.7124999761581421 0.16562500596046448 0.1979166716337204
0 0.753125011920929 0.3895833194255829 0.16562500596046448 0.1979166716337204
