0 0.0546875 0.8187500238418579 0.10781250149011612 0.20000000298023224
0 0.140625 0.6729166507720947 0.16562500596046448 0.21875
0 0.27812498807907104 0.5604166388511658 0.16562500596046448 0.21875
0 0.3046875 0.8729166388511658 0.16562500596046448 0.21875
0 0.4156250059604645 0.7145833373069763 0.15156249701976776 0.1979166716337204
0 0.515625 0.8812500238418579 0.14687499403953552 0.2291666716337204
0 0.7734375 0.6333333253860474 0.17812499403953552 0.22499999403953552
0 0.729687511920929 0.3916666805744171 0.17499999701976776 0.2291666716337204
0 0.19062499701976776 0.21666666865348816 0.1640625 0.2291666716337204
0 0.753125011920929 0.14166666567325592 0.1640625 0.2291666716337204
0 0.5874999761581421 0.6499999761581421 0.17812499403953552 0.22499999403953552
0 0.7359374761581421 0.9020833373069763 0.15937499701976776 0.19583334028720856
0 0.9359375238418579 0.800000011920929 0.12656250596046448 0.22708334028720856
