0 0.5796874761581421 0.49791666865348816 0.171875 0.15416666865348816
0 0.6484375 0.1458333283662796 0.140625 0.22083333134651184
0 0.36406248807907104 0.11874999850988388 0.1796875 0.23125000298023224
0 0.07656250149011612 0.6208333373069763 0.15000000596046448 0.2750000059604645
0 0.21875 0.5625 0.16249999403953552 0.22291666269302368
0 0.39531248807907104 0.4958333373069763 0.15937499701976776 0.18541666865348816
0 0.668749988079071 0.6895833611488342 0.15000000596046448 0.24166665971279144
0 0.8046875 0.6000000238418579 0.140625 0.31041666865348816
0 0.9359375238418579 0.59375 0.12656250596046448 0.30416667461395264
0 0.8890625238418579 0.26249998807907104 0.17499999701976776 0.21250000596046448
0 0.640625 0.3333333432674408 0.17656250298023224 0.18333333730697632
0 0.706250011920929 0.9083333611488342 0.17656250298023224 0.18333333730697632
