0 0.09531249850988388 0.7583333253860474 0.15312500298023224 0.19583334028720856
0 0.0546875 0.5354166626930237 0.10781250149011612 0.2750000059604645
0 0.573437511920929 0.37291666865348816 0.1953125 0.23541666567325592
0 0.692187488079071 0.6291666626930237 0.15937499701976776 0.22499999403953552
0 0.34687501192092896 0.7291666865348816 0.15625 0.24375000596046448
0 0.90625 0.49791666865348816 0.1875 0.2291666716337204
0 0.5718749761581421 0.08958332985639572 0.1640625 0.1770833283662796
0 0.22031250596046448 0.2770833373069763 0.20781250298023224 0.20416666567325592
0 0.17812499403953552 0.44583332538604736 0.19687500596046448 0.2708333432674408
0 0.5296875238418579 0.7520833611488342 0.19687500596046448 0.21041665971279144
0 0.36250001192092896 0.08124999701976776 0.19374999403953552 0.15833333134651184
