0 0.08281250298023224 0.2083333283662796 0.15312500298023224 0.1979166716337204
0 0.33281248807907104 0.4583333432674408 0.16249999403953552 0.24583333730697632
0 0.543749988079071 0.887499988079071 0.16249999403953552 0.22499999403953552
0 0.684374988079071 0.7541666626930237 0.14374999701976776 0.21458333730697632
0 0.8812500238418579 0.2874999940395355 0.14374999701976776 0.21458333730697632
0 0.08906249701976776 0.8187500238418579 0.14374999701976776 0.21458333730697632
0 0.140625 0.65625 0.13593749701976776 0.19374999403953552
0 0.1328125 0.4958333373069763 0.125 0.14791665971279144
0 0.8421875238418579 0.71875 0.17656250298023224 0.22499999403953552
0 0.9437500238418579 0.90625 0.11093749850988388 0.1875
0 0.723437488079071 0.3020833432674408 0.20156249403953552 0.23125000298023224
0 0.17812499403953552 0.3958333432674408 0.125 0.14791665971279144
0 0.512499988079071 0.2854166626930237 0.12343750149011612 0.2541666626930237
0 0.21875 0.08124999701976776 0.17812499403953552 0.15833333134651184
0 0.6812499761581421 0.08124999701976776 0.15781250596046448 0.16041666269302368
