0 0.4906249940395355 0.13958333432674408 0.18281249701976776 0.21250000596046448
0 0.7171875238418579 0.17916665971279144 0.14687499403953552 0.20624999701976776
0 0.2515625059604645 0.11249999701976776 0.14531250298023224 0.18541666865348816
0 0.895312488079071 0.44583332538604736 0.18281249701976776 0.29374998807907104
0 0.668749988079071 0.6041666865348816 0.17343750596046448 0.22291666269302368
0 0.870312511920929 0.20416666567325592 0.17343750596046448 0.22291666269302368
0 0.14687499403953552 0.30416667461395264 0.15468749403953552 0.21666666865348816
0 0.8125 0.7666666507720947 0.17343750596046448 0.22291666269302368
0 0.3375000059604645 0.7395833134651184 0.17343750596046448 0.22291666269302368
0 0.589062511920929 0.800000011920929 0.17343750596046448 0.22291666269302368
0 0.2734375 0.9083333611488342 0.19062499701976776 0.18333333730697632
0 0.846875011920929 0.9312499761581421 0.18906250596046448 0.13750000298023224
