0 0.27031248807907104 0.18125000596046448 0.17343750596046448 0.2645833194255829
0 0.7250000238418579 0.4166666567325592 0.14531250298023224 0.2083333283662796
0 0.5562499761581421 0.0833333358168602 0.16562500596046448 0.16249999403953552
0 0.528124988079071 0.3895833194255829 0.16875000298023224 0.22083333134651184
0 0.14218750596046448 0.4854166805744171 0.16875000298023224 0.19166666269302368
0 0.3125 0.5854166746139526 0.17343750596046448 0.16041666269302368
0 0.3218750059604645 0.3812499940395355 0.15625 0.18958333134651184
0 0.8578125238418579 0.59375 0.15312500298023224 0.23541666567325592
0 0.07656250149011612 0.26249998807907104 0.15156249701976776 0.23541666567325592
0 0.6156250238418579 0.17916665971279144 0.1953125 0.23749999701976776
0 0.581250011920929 0.9229166507720947 0.20468750596046448 0.15000000596046448
