0 0.37812501192092896 0.8833333253860474 0.15625 0.20208333432674408
0 0.5625 0.7749999761581421 0.18437500298023224 0.21666666865348816
0 0.7359374761581421 0.65625 0.12031249701976776 0.1770833283662796
0 0.7515624761581421 0.856249988079071 0.14687499403953552 0.17916665971279144
0 0.84375 0.8687499761581421 0.10468749701976776 0.15208333730697632
0 0.932812511920929 0.7270833253860474 0.13437500596046448 0.21666666865348816
0 0.25312501192092896 0.4583333432674408 0.1484375 0.22708334028720856
0 0.08749999850988388 0.800000011920929 0.1484375 0.22708334028720856
0 0.11249999701976776 0.6354166865348816 0.15312500298023224 0.21250000596046448
0 0.2828125059604645 0.6708333492279053 0.1640625 0.1979166716337204
0 0.22031250596046448 0.7833333611488342 0.140625 0.16249999403953552
0 0.3375000059604645 0.34166666865348816 0.1484375 0.22708334028720856
0 0.582812488079071 0.11249999701976776 0.16562500596046448 0.22291666269302368
0 0.901562511920929 0.22083333134651184 0.14531250298023224 0.24166665971279144
0 0.22031250596046448 0.1666666716337204 0.19374999403953552 0.22499999403953552
