0 0.4203124940395355 0.375 0.19843749701976776 0.23125000298023224
0 0.21250000596046448 0.5208333134651184 0.15468749403953552 0.20416666567325592
0 0.078125 0.10000000149011612 0.15000000596046448 0.1979166716337204
0 0.14531250298023224 0.30416667461395264 0.19374999403953552 0.20208333432674408
0 0.518750011920929 0.6270833611488342 0.15000000596046448 0.17916665971279144
0 0.4749999940395355 0.7541666626930237 0.16249999403953552 0.23333333432674408
0 0.4515624940395355 0.8687499761581421 0.16249999403953552 0.23333333432674408
0 0.7015625238418579 0.5583333373069763 0.18437500298023224 0.1770833283662796
0 0.848437488079071 0.925000011920929 0.17656250298023224 0.15000000596046448
0 0.7796875238418579 0.75 0.22031250596046448 0.24791666865348816
0 0.612500011920929 0.887499988079071 0.1640625 0.22499999403953552
0 0.895312488079071 0.10208333283662796 0.1875 0.20208333432674408
0 0.30781251192092896 0.8187500238418579 0.16093750298023224 0.21875
0 0.559374988079071 0.13124999403953552 0.16093750298023224 0.21875
0 0.12968750298023224 0.675000011920929 0.16093750298023224 0.21875
