0 0.11562500149011612 0.7145833373069763 0.16093750298023224 0.20624999701976776
0 0.4124999940395355 0.33541667461395264 0.12968750298023224 0.1770833283662796
0 0.859375 0.3916666805744171 0.16093750298023224 0.1979166716337204
0 0.26249998807907104 0.20624999701976776 0.16093750298023224 0.1979166716337204
0 0.8187500238418579 0.6208333373069763 0.1640625 0.23125000298023224
0 0.934374988079071 0.824999988079071 0.13124999403953552 0.1770833283662796
0 0.8046875 0.9208333492279053 0.15312500298023224 0.15625
0 0.551562488079071 0.9520833492279053 0.16093750298023224 0.09583333134651184
0 0.3359375 0.9583333134651184 0.15625 0.08124999701976776
0 0.06875000149011612 0.21458333730697632 0.13437500596046448 0.17083333432674408
