0 0.10000000149011612 0.5083333253860474 0.13906249403953552 0.21666666865348816
0 0.574999988079071 0.675000011920929 0.17031249403953552 0.19583334028720856
0 0.832812488079071 0.5041666626930237 0.17656250298023224 0.19374999403953552
0 0.8500000238418579 0.7395833134651184 0.17656250298023224 0.21875
0 0.676562488079071 0.27916666865348816 0.17656250298023224 0.21875
0 0.24843749403953552 0.21250000596046448 0.1484375 0.19166666269302368
0 0.3296875059604645 0.9041666388511658 0.1484375 0.19166666269302368
0 0.6937500238418579 0.8583333492279053 0.1484375 0.19166666269302368
0 0.4375 0.12708333134651184 0.1484375 0.19166666269302368
0 0.582812488079071 0.6166666746139526 0.17031249403953552 0.19583334028720856
0 0.1328125 0.5333333611488342 0.13906249403953552 0.21666666865348816
