0 0.42656248807907104 0.2750000059604645 0.18593749403953552 0.21250000596046448
0 0.589062511920929 0.21458333730697632 0.14218750596046448 0.1979166716337204
0 0.6109374761581421 0.42500001192092896 0.14218750596046448 0.1979166716337204
0 0.71875 0.6000000238418579 0.14218750596046448 0.1979166716337204
0 0.3359375 0.33541667461395264 0.125 0.1666666716337204
0 0.776562511920929 0.9083333611488342 0.15468749403953552 0.18333333730697632
0 0.4906249940395355 0.9041666388511658 0.1796875 0.19166666269302368
0 0.09843750298023224 0.9041666388511658 0.1796875 0.19166666269302368
0 0.8609374761581421 0.2083333283662796 0.1796875 0.20624999701976776
0 0.6890624761581421 0.0833333358168602 0.20781250298023224 0.16458334028720856
0 0.9281250238418579 0.8145833611488342 0.14218750596046448 0.21250000596046448
0 0.9453125 0.5562499761581421 0.10781250149011612 0.2750000059604645
0 0.15000000596046448 0.3020833432674408 0.17812499403953552 0.2562499940395355
0 0.12343750149011612 0.706250011920929 0.17812499403953552 0.2562499940395355
