0 0.1796875 0.84375 0.15000000596046448 0.19374999403953552
0 0.604687511920929 0.9020833373069763 0.15000000596046448 0.19374999403953552
0 0.723437488079071 0.78125 0.17656250298023224 0.19583334028720856
0 0.7718750238418579 0.5729166865348816 0.15625 0.19166666269302368
0 0.7359374761581421 0.36250001192092896 0.15937499701976776 0.20208333432674408
0 0.6187499761581421 0.5249999761581421 0.13750000298023224 0.2083333283662796
0 0.27031248807907104 0.31458333134651184 0.17031249403953552 0.1979166716337204
0 0.5375000238418579 0.27291667461395264 0.1796875 0.23749999701976776
0 0.15937499701976776 0.13958333432674408 0.17343750596046448 0.23125000298023224
0 0.3843750059604645 0.11666666716337204 0.19218750298023224 0.2291666716337204
0 0.15156249701976776 0.47083333134651184 0.17031249403953552 0.1979166716337204
0 0.0859375 0.5520833134651184 0.16875000298023224 0.1979166716337204
0 0.4124999940395355 0.4541666805744171 0.17656250298023224 0.21666666865348816
0 0.8374999761581421 0.16249999403953552 0.1796875 0.23749999701976776
0 0.9078124761581421 0.4166666567325592 0.1640625 0.22291666269302368
0 0.901562511920929 0.887499988079071 0.1640625 0.22291666269302368
0 0.9312499761581421 0.6270833611488342 0.13750000298023224 0.21041665971279144
0 0.5562499761581421 0.0833333358168602 0.15937499701976776 0.16249999403953552
