0 0.09843750298023224 0.84375 0.1875 0.24583333730697632
0 0.3515625 0.4416666626930237 0.1875 0.24583333730697632
0 0.651562511920929 0.10833333432674408 0.18281249701976776 0.21458333730697632
0 0.512499988079071 0.3020833432674408 0.18281249701976776 0.21666666865348816
0 0.6937500238418579 0.5083333253860474 0.17343750596046448 0.2874999940395355
0 0.9359375238418579 0.22708334028720856 0.12656250596046448 0.24375000596046448
0 0.8609374761581421 0.9395833611488342 0.18437500298023224 0.11666666716337204
0 0.14218750596046448 0.49166667461395264 0.1875 0.24583333730697632
0 0.31562501192092896 0.18125000596046448 0.16718749701976776 0.18541666865348816
0 0.4671874940395355 0.949999988079071 0.16718749701976776 0.09791667014360428
0 0.7171875238418579 0.34375 0.20468750596046448 0.21458333730697632
0 0.817187488079071 0.5625 0.16875000298023224 0.24583333730697632
