0 0.707812488079071 0.15833333134651184 0.15156249701976776 0.20416666567325592
0 0.8109375238418579 0.543749988079071 0.16562500596046448 0.23333333432674408
0 0.879687488079071 0.6020833253860474 0.18125000596046448 0.18125000596046448
0 0.817187488079071 0.8812500238418579 0.21562500298023224 0.23749999701976776
0 0.3046875 0.8708333373069763 0.16093750298023224 0.19583334028720856
0 0.14218750596046448 0.6937500238418579 0.16093750298023224 0.19583334028720856
0 0.535937488079071 0.6104166507720947 0.16093750298023224 0.19583334028720856
0 0.4375 0.32499998807907104 0.16093750298023224 0.19583334028720856
0 0.3046875 0.6187499761581421 0.13906249403953552 0.17916665971279144
0 0.203125 0.4749999940395355 0.17499999701976776 0.21458333730697632
0 0.8812500238418579 0.20000000298023224 0.15156249701976776 0.20416666567325592
0 0.17343750596046448 0.90625 0.13906249403953552 0.17916665971279144
0 0.14687499403953552 0.09583333134651184 0.16562500596046448 0.15625
0 0.08124999701976776 0.1875 0.15937499701976776 0.1979166716337204
