0 0.1015625 0.59375 0.15156249701976776 0.2083333283662796
0 0.40312498807907104 0.6708333492279053 0.15156249701976776 0.2083333283662796
0 0.6015625 0.38749998807907104 0.1875 0.21666666865348816
0 0.5078125 0.22291666269302368 0.171875 0.21041665971279144
0 0.3453125059604645 0.08958332985639572 0.19218750298023224 0.1770833283662796
0 0.3812499940395355 0.4229166805744171 0.16875000298023224 0.2083333283662796
0 0.753125011920929 0.893750011920929 0.16875000298023224 0.21041665971279144
0 0.8296874761581421 0.512499988079071 0.16875000298023224 0.21041665971279144
0 0.8296874761581421 0.11874999850988388 0.13750000298023224 0.17083333432674408
0 0.8890625238418579 0.3395833373069763 0.13750000298023224 0.17083333432674408
0 0.09062500298023224 0.7916666865348816 0.17812499403953552 0.24583333730697632
0 0.26249998807907104 0.7437499761581421 0.17812499403953552 0.20416666567325592
