0 0.13906249403953552 0.668749988079071 0.15000000596046448 0.20624999701976776
0 0.15468749403953552 0.8041666746139526 0.16562500596046448 0.21458333730697632
0 0.3843750059604645 0.793749988079071 0.16562500596046448 0.21458333730697632
0 0.4046874940395355 0.6312500238418579 0.16562500596046448 0.21458333730697632
0 0.30937498807907104 0.6145833134651184 0.1328125 0.18541666865348816
0 0.7281249761581421 0.4937500059604645 0.15937499701976776 0.19166666269302368
0 0.8890625238418579 0.4541666805744171 0.20000000298023224 0.19166666269302368
0 0.3531250059604645 0.2958333194255829 0.15781250596046448 0.20624999701976776
0 0.07656250149011612 0.35208332538604736 0.15156249701976776 0.2395833283662796
0 0.13124999403953552 0.13124999403953552 0.20156249403953552 0.21458333730697632
0 0.918749988079071 0.2604166567325592 0.16249999403953552 0.24166665971279144
0 0.8609374761581421 0.893750011920929 0.20000000298023224 0.17916665971279144
0 0.6265624761581421 0.7583333253860474 0.16249999403953552 0.24166665971279144
