0 0.08281250298023224 0.7583333253860474 0.1640625 0.24583333730697632
0 0.38593751192092896 0.24375000596046448 0.15625 0.18958333134651184
0 0.5328124761581421 0.856249988079071 0.16562500596046448 0.24583333730697632
0 0.8265625238418579 0.6145833134651184 0.1953125 0.25208333134651184
0 0.770312488079071 0.9041666388511658 0.15625 0.18541666865348816
0 0.768750011920929 0.17916665971279144 0.15312500298023224 0.22499999403953552
0 0.9156249761581421 0.17083333432674408 0.16875000298023224 0.2604166567325592
0 0.800000011920929 0.41458332538604736 0.19687500596046448 0.20416666567325592
0 0.598437488079071 0.10208333283662796 0.19687500596046448 0.20208333432674408
0 0.604687511920929 0.2958333194255829 0.19687500596046448 0.20416666567325592
0 0.612500011920929 0.5083333253860474 0.19687500596046448 0.20416666567325592
0 0.27812498807907104 0.7416666746139526 0.19687500596046448 0.20416666567325592
0 0.3343749940395355 0.9208333492279053 0.1875 0.15625
0 0.09687499701976776 0.3270833194255829 0.19062499701976776 0.23125000298023224
