0 0.6000000238418579 0.11874999850988388 0.17031249403953552 0.1770833283662796
0 0.4468750059604645 0.15625 0.15781250596046448 0.23125000298023224
0 0.565625011920929 0.581250011920929 0.13437500596046448 0.20000000298023224
0 0.84375 0.42500001192092896 0.16718749701976776 0.2541666626930237
0 0.504687488079071 0.9229166507720947 0.13437500596046448 0.15208333730697632
0 0.3968749940395355 0.9229166507720947 0.13437500596046448 0.15208333730697632
0 0.932812511920929 0.7479166388511658 0.1328125 0.23125000298023224
0 0.7515624761581421 0.6979166865348816 0.18437500298023224 0.21875
0 0.20468750596046448 0.08958332985639572 0.17031249403953552 0.17499999701976776
0 0.12656250596046448 0.12083332985639572 0.140625 0.19374999403953552
