0 0.31718748807907104 0.4000000059604645 0.14531250298023224 0.21875
0 0.07343749701976776 0.543749988079071 0.14374999701976776 0.21875
0 0.1875 0.7437499761581421 0.1484375 0.24166665971279144
0 0.6343749761581421 0.8333333134651184 0.1484375 0.20000000298023224
0 0.6656249761581421 0.3958333432674408 0.14687499403953552 0.23749999701976776
0 0.512499988079071 0.3645833432674408 0.15000000596046448 0.22291666269302368
0 0.6234375238418579 0.5895833373069763 0.15937499701976776 0.22499999403953552
0 0.729687511920929 0.6000000238418579 0.15937499701976776 0.22499999403953552
0 0.778124988079071 0.8729166388511658 0.15937499701976776 0.22499999403953552
0 0.5718749761581421 0.06666667014360428 0.15625 0.13124999403953552
0 0.12343750149011612 0.23333333432674408 0.16718749701976776 0.22499999403953552
0 0.739062488079071 0.08541666716337204 0.15781250596046448 0.1666666716337204
0 0.8578125238418579 0.06875000149011612 0.15937499701976776 0.1354166716337204
