0 0.15468749403953552 0.3479166626930237 0.1875 0.2666666805744171
0 0.40156251192092896 0.09791667014360428 0.16875000298023224 0.19374999403953552
0 0.10781250149011612 0.09791667014360428 0.16875000298023224 0.19374999403953552
0 0.7281249761581421 0.893750011920929 0.16875000298023224 0.19583334028720856
0 0.675000011920929 0.6625000238418579 0.16875000298023224 0.19583334028720856
0 0.29218751192092896 0.7875000238418579 0.17031249403953552 0.19583334028720856
0 0.932812511920929 0.10000000149011612 0.13437500596046448 0.1979166716337204
0 0.809374988079071 0.1770833283662796 0.12968750298023224 0.18333333730697632
0 0.6937500238418579 0.47083333134651184 0.16093750298023224 0.19583334028720856
0 0.2640624940395355 0.14166666567325592 0.17499999701976776 0.20000000298023224
0 0.4937500059604645 0.8770833611488342 0.16875000298023224 0.19583334028720856
0 0.535937488079071 0.2083333283662796 0.13750000298023224 0.14791665971279144
