0 0.43281251192092896 0.8166666626930237 0.171875 0.20624999701976776
0 0.6000000238418579 0.8520833253860474 0.171875 0.20624999701976776
0 0.7890625 0.8645833134651184 0.171875 0.20624999701976776
0 0.909375011920929 0.6583333611488342 0.18125000596046448 0.23749999701976776
0 0.8578125238418579 0.09791667014360428 0.1796875 0.19166666269302368
0 0.625 0.3291666805744171 0.18125000596046448 0.24375000596046448
0 0.7015625238418579 0.14374999701976776 0.17031249403953552 0.2291666716337204
0 0.05156249925494194 0.8083333373069763 0.1015625 0.2395833283662796
0 0.07343749701976776 0.375 0.14531250298023224 0.21250000596046448
0 0.690625011920929 0.49166667461395264 0.14687499403953552 0.21250000596046448
0 0.839062511920929 0.24583333730697632 0.19062499701976776 0.20416666567325592
