0 0.6812499761581421 0.34375 0.19218750298023224 0.2083333283662796
0 0.5296875238418579 0.6833333373069763 0.1875 0.2666666805744171
0 0.785937488079071 0.5166666507720947 0.17656250298023224 0.24583333730697632
0 0.29374998807907104 0.8145833611488342 0.2109375 0.21041665971279144
0 0.05937499925494194 0.3583333194255829 0.11562500149011612 0.2979166805744171
0 0.606249988079071 0.13333334028720856 0.203125 0.24166665971279144
0 0.7718750238418579 0.125 0.1328125 0.24583333730697632
0 0.9234374761581421 0.668749988079071 0.15312500298023224 0.25833332538604736
0 0.9296875 0.3708333373069763 0.140625 0.22708334028720856
0 0.9312499761581421 0.08958332985639572 0.13593749701976776 0.17499999701976776
0 0.5703125 0.8916666507720947 0.18593749403953552 0.21458333730697632
