0 0.11874999850988388 0.31041666865348816 0.15937499701976776 0.24791666865348816
0 0.08906249701976776 0.10208333283662796 0.15937499701976776 0.20208333432674408
0 0.265625 0.08124999701976776 0.19218750298023224 0.15833333134651184
0 0.5171874761581421 0.12916666269302368 0.1796875 0.23333333432674408
0 0.6578124761581421 0.48124998807907104 0.1796875 0.24166665971279144
0 0.20937499403953552 0.6604166626930237 0.15156249701976776 0.21250000596046448
0 0.07500000298023224 0.768750011920929 0.1484375 0.2291666716337204
0 0.3515625 0.8041666746139526 0.15000000596046448 0.2291666716337204
0 0.5171874761581421 0.7416666746139526 0.15156249701976776 0.2083333283662796
0 0.699999988079071 0.7208333611488342 0.17499999701976776 0.21041665971279144
0 0.870312511920929 0.875 0.17499999701976776 0.21041665971279144
0 0.682812511920929 0.23333333432674408 0.15312500298023224 0.21041665971279144
0 0.43437498807907104 0.9270833134651184 0.14218750596046448 0.13958333432674408
0 0.22812500596046448 0.9270833134651184 0.17499999701976776 0.13750000298023224
