0 0.3921875059604645 0.800000011920929 0.16093750298023224 0.20208333432674408
0 0.06718750298023224 0.8729166388511658 0.1328125 0.20416666567325592
0 0.5406249761581421 0.3187499940395355 0.234375 0.1666666716337204
0 0.3578124940395355 0.6020833253860474 0.1953125 0.1666666716337204
0 0.46562498807907104 0.14166666567325592 0.1875 0.18541666865348816
0 0.18281249701976776 0.12083332985639572 0.16249999403953552 0.21250000596046448
0 0.557812511920929 0.6333333253860474 0.16562500596046448 0.22083333134651184
0 0.707812488079071 0.5625 0.18125000596046448 0.2083333283662796
0 0.745312511920929 0.7395833134651184 0.18906250596046448 0.21458333730697632
0 0.901562511920929 0.3291666805744171 0.17343750596046448 0.23125000298023224
0 0.890625 0.5 0.14218750596046448 0.23125000298023224
0 0.5921875238418579 0.925000011920929 0.15625 0.14791665971279144
