0 0.7890625 0.13124999403953552 0.17031249403953552 0.18541666865348816
0 0.7203124761581421 0.34166666865348816 0.16562500596046448 0.19374999403953552
0 0.784375011920929 0.9312499761581421 0.22031250596046448 0.1354166716337204
0 0.5015624761581421 0.7979166507720947 0.16249999403953552 0.25
0 0.535937488079071 0.3854166567325592 0.17343750596046448 0.19583334028720856
0 0.9140625 0.5520833134651184 0.16249999403953552 0.25
0 0.840624988079071 0.6625000238418579 0.19218750298023224 0.20416666567325592
0 0.27656251192092896 0.46875 0.13124999403953552 0.16458334028720856
0 0.09218750149011612 0.5395833253860474 0.17031249403953552 0.17083333432674408
0 0.15781250596046448 0.824999988079071 0.18593749403953552 0.23541666567325592
