0 0.6781250238418579 0.09166666865348816 0.16718749701976776 0.17916665971279144
0 0.8374999761581421 0.15208333730697632 0.17343750596046448 0.20624999701976776
0 0.5015624761581421 0.2874999940395355 0.19374999403953552 0.24791666865348816
0 0.3203125 0.07083333283662796 0.15937499701976776 0.13958333432674408
0 0.1015625 0.5729166865348816 0.19843749701976776 0.23125000298023224
0 0.5546875 0.887499988079071 0.14687499403953552 0.22291666269302368
0 0.25 0.20624999701976776 0.18125000596046448 0.21666666865348816
0 0.6343749761581421 0.49791666865348816 0.18125000596046448 0.21666666865348816
0 0.8125 0.5708333253860474 0.18125000596046448 0.21666666865348816
0 0.3515625 0.9291666746139526 0.20624999701976776 0.13333334028720856
0 0.06562499701976776 0.84375 0.12968750298023224 0.20208333432674408
