0 0.7562500238418579 0.14791665971279144 0.14687499403953552 0.1770833283662796
0 0.5171874761581421 0.22083333134651184 0.1640625 0.20208333432674408
0 0.2890625 0.2854166626930237 0.16249999403953552 0.17291666567325592
0 0.09687499701976776 0.26875001192092896 0.12343750149011612 0.2604166567325592
0 0.8515625 0.43958333134651184 0.1796875 0.2666666805744171
0 0.535937488079071 0.42916667461395264 0.1640625 0.20208333432674408
0 0.42500001192092896 0.4375 0.14374999701976776 0.20208333432674408
0 0.504687488079071 0.7666666507720947 0.1640625 0.20208333432674408
0 0.5874999761581421 0.6416666507720947 0.1796875 0.2083333283662796
0 0.690625011920929 0.5479166507720947 0.1796875 0.2083333283662796
0 0.871874988079071 0.731249988079071 0.1796875 0.2083333283662796
0 0.2578125 0.45625001192092896 0.15156249701976776 0.18958333134651184
0 0.18906250596046448 0.47708332538604736 0.15156249701976776 0.18958333134651184
0 0.25468748807907104 0.6666666865348816 0.18281249701976776 0.1979166716337204
0 0.3828125 0.8645833134651184 0.18281249701976776 0.1979166716337204
0 0.3609375059604645 0.10000000149011612 0.22499999403953552 0.1979166716337204
0 0.7250000238418579 0.7416666746139526 0.14687499403953552 0.1770833283662796
0 0.7046874761581421 0.8479166626930237 0.14687499403953552 0.1770833283662796
