0 0.7109375 0.5770833492279053 0.17499999701976776 0.17916665971279144
0 0.8968750238418579 0.9145833253860474 0.14531250298023224 0.16875000298023224
0 0.9156249761581421 0.25208333134651184 0.16718749701976776 0.24375000596046448
0 0.612500011920929 0.41874998807907104 0.17656250298023224 0.18125000596046448
0 0.3109374940395355 0.8979166746139526 0.16718749701976776 0.20208333432674408
0 0.15156249701976776 0.84375 0.16718749701976776 0.20208333432674408
0 0.140625 0.5625 0.16562500596046448 0.2958333194255829
0 0.15468749403953552 0.2291666716337204 0.15000000596046448 0.18541666865348816
0 0.875 0.48124998807907104 0.15000000596046448 0.18541666865348816
0 0.8296874761581421 0.07708333432674408 0.2109375 0.15208333730697632
0 0.13906249403953552 0.09166666865348816 0.17656250298023224 0.17916665971279144
0 0.4703125059604645 0.6645833253860474 0.16249999403953552 0.22291666269302368
