0 0.621874988079071 0.375 0.17343750596046448 0.21041665971279144
0 0.6000000238418579 0.6499999761581421 0.17343750596046448 0.21041665971279144
0 0.65625 0.8416666388511658 0.17343750596046448 0.21041665971279144
0 0.30937498807907104 0.2604166567325592 0.17343750596046448 0.21041665971279144
0 0.17499999701976776 0.12083332985639572 0.12656250596046448 0.16875000298023224
0 0.30000001192092896 0.6229166388511658 0.15781250596046448 0.20624999701976776
0 0.18281249701976776 0.6666666865348816 0.15781250596046448 0.20624999701976776
0 0.28437501192092896 0.8208333253860474 0.1640625 0.19166666269302368
0 0.8140624761581421 0.2645833194255829 0.1640625 0.19166666269302368
0 0.7890625 0.6333333253860474 0.19062499701976776 0.21041665971279144
0 0.917187511920929 0.4645833373069763 0.1640625 0.2541666626930237
0 0.625 0.11041666567325592 0.1640625 0.19166666269302368
0 0.6875 0.13333334028720856 0.1640625 0.19166666269302368
0 0.9078124761581421 0.7770833373069763 0.1640625 0.19166666269302368
