0 0.7265625 0.49166667461395264 0.1875 0.18958333134651184
0 0.534375011920929 0.6541666388511658 0.1875 0.18958333134651184
0 0.2750000059604645 0.856249988079071 0.1875 0.18958333134651184
0 0.13593749701976776 0.6791666746139526 0.1875 0.18958333134651184
0 0.16718749701976776 0.2916666567325592 0.1875 0.18958333134651184
0 0.32499998807907104 0.16458334028720856 0.15000000596046448 0.17916665971279144
0 0.7265625 0.1979166716337204 0.17499999701976776 0.19166666269302368
0 0.4437499940395355 0.762499988079071 0.17499999701976776 0.22499999403953552
0 0.2578125 0.4833333194255829 0.17499999701976776 0.22499999403953552
0 0.534375011920929 0.22291666269302368 0.15468749403953552 0.21875
0 0.15156249701976776 0.08541666716337204 0.15000000596046448 0.16875000298023224
0 0.8828125 0.9333333373069763 0.16718749701976776 0.13333334028720856
