0 0.3453125059604645 0.4479166567325592 0.12031249701976776 0.2979166805744171
0 0.2953124940395355 0.1875 0.1875 0.21041665971279144
0 0.20781250298023224 0.4124999940395355 0.1484375 0.18958333134651184
0 0.171875 0.5874999761581421 0.16875000298023224 0.20624999701976776
0 0.40937501192092896 0.768750011920929 0.17812499403953552 0.23333333432674408
0 0.4828124940395355 0.5416666865348816 0.16562500596046448 0.20416666567325592
0 0.6156250238418579 0.4104166626930237 0.18593749403953552 0.20208333432674408
0 0.10468749701976776 0.8145833611488342 0.1796875 0.25833332538604736
0 0.0859375 0.2770833373069763 0.17031249403953552 0.22499999403953552
0 0.59375 0.20000000298023224 0.14374999701976776 0.23333333432674408
0 0.684374988079071 0.18958333134651184 0.19374999403953552 0.25208333134651184
0 0.859375 0.643750011920929 0.1640625 0.21666666865348816
0 0.8734375238418579 0.7666666507720947 0.15000000596046448 0.19166666269302368
0 0.815625011920929 0.34375 0.15156249701976776 0.18541666865348816
