0 0.25 0.8374999761581421 0.14218750596046448 0.18333333730697632
0 0.0625 0.7458333373069763 0.12187500298023224 0.17916665971279144
0 0.6937500238418579 0.7479166388511658 0.13124999403953552 0.22708334028720856
0 0.667187511920929 0.19374999403953552 0.12343750149011612 0.2083333283662796
0 0.940625011920929 0.08124999701976776 0.11874999850988388 0.15833333134651184
0 0.46406251192092896 0.8979166746139526 0.15312500298023224 0.20416666567325592
0 0.5765625238418579 0.9270833134651184 0.1015625 0.14374999701976776
0 0.2984375059604645 0.4437499940395355 0.15937499701976776 0.17499999701976776
0 0.15781250596046448 0.48750001192092896 0.15937499701976776 0.17499999701976776
0 0.6390625238418579 0.4124999940395355 0.16562500596046448 0.21041665971279144
0 0.550000011920929 0.3791666626930237 0.16875000298023224 0.22499999403953552
0 0.917187511920929 0.6104166507720947 0.16562500596046448 0.21041665971279144
