0 0.3656249940395355 0.5166666507720947 0.20468750596046448 0.2874999940395355
0 0.7359374761581421 0.8208333253860474 0.15156249701976776 0.24375000596046448
0 0.90625 0.8666666746139526 0.15156249701976776 0.24375000596046448
0 0.625 0.18125000596046448 0.1484375 0.20000000298023224
0 0.621874988079071 0.38333332538604736 0.16562500596046448 0.25208333134651184
0 0.565625011920929 0.6104166507720947 0.16562500596046448 0.25208333134651184
0 0.9140625 0.43541666865348816 0.16718749701976776 0.24375000596046448
0 0.8187500238418579 0.26249998807907104 0.21562500298023224 0.2395833283662796
0 0.109375 0.5249999761581421 0.20624999701976776 0.2666666805744171
0 0.2515625059604645 0.28333333134651184 0.18437500298023224 0.24791666865348816
