0 0.2874999940395355 0.5791666507720947 0.15937499701976776 0.21875
0 0.518750011920929 0.6083333492279053 0.15937499701976776 0.21875
0 0.559374988079071 0.8270833492279053 0.15937499701976776 0.21875
0 0.3843750059604645 0.75 0.1484375 0.20208333432674408
0 0.2515625059604645 0.862500011920929 0.1484375 0.20208333432674408
0 0.3046875 0.37291666865348816 0.1484375 0.20208333432674408
0 0.41093748807907104 0.19583334028720856 0.17031249403953552 0.20000000298023224
0 0.46562498807907104 0.40416666865348816 0.17031249403953552 0.20000000298023224
0 0.875 0.3395833373069763 0.17031249403953552 0.2395833283662796
0 0.878125011920929 0.856249988079071 0.17031249403953552 0.2395833283662796
0 0.745312511920929 0.7041666507720947 0.21250000596046448 0.22708334028720856
0 0.15312500298023224 0.28125 0.17031249403953552 0.2395833283662796
0 0.12031249701976776 0.4958333373069763 0.17031249403953552 0.2395833283662796
