0 0.675000011920929 0.39791667461395264 0.16718749701976776 0.2291666716337204
0 0.823437511920929 0.4645833373069763 0.16718749701976776 0.2291666716337204
0 0.6890624761581421 0.7395833134651184 0.16718749701976776 0.2291666716337204
0 0.4984374940395355 0.8041666746139526 0.16718749701976776 0.2291666716337204
0 0.3968749940395355 0.8666666746139526 0.16718749701976776 0.2291666716337204
0 0.125 0.7291666865348816 0.19062499701976776 0.22291666269302368
0 0.667187511920929 0.15000000596046448 0.21250000596046448 0.21458333730697632
0 0.07187499850988388 0.22499999403953552 0.14218750596046448 0.21041665971279144
0 0.44843751192092896 0.17499999701976776 0.21250000596046448 0.21458333730697632
0 0.2906250059604645 0.699999988079071 0.16718749701976776 0.2291666716337204
0 0.871874988079071 0.7979166507720947 0.16718749701976776 0.2291666716337204
0 0.84375 0.11041666567325592 0.16718749701976776 0.21666666865348816
0 0.11562500149011612 0.9229166507720947 0.19843749701976776 0.15416666865348816
