0 0.776562511920929 0.6625000238418579 0.14531250298023224 0.19583334028720856
0 0.7796875238418579 0.8062499761581421 0.14531250298023224 0.19583334028720856
0 0.39531248807907104 0.8833333253860474 0.15156249701976776 0.23125000298023224
0 0.49687498807907104 0.7791666388511658 0.15156249701976776 0.23125000298023224
0 0.3187499940395355 0.47083333134651184 0.12656250596046448 0.22083333134651184
0 0.40156251192092896 0.2395833283662796 0.16093750298023224 0.2645833194255829
0 0.171875 0.3812499940395355 0.15468749403953552 0.21875
0 0.932812511920929 0.4645833373069763 0.1328125 0.21250000596046448
0 0.140625 0.7354166507720947 0.16718749701976776 0.2083333283662796
0 0.8687499761581421 0.22291666269302368 0.16875000298023224 0.2083333283662796
0 0.6796875 0.10833333432674408 0.16875000298023224 0.2083333283662796
0 0.23125000298023224 0.14374999701976776 0.140625 0.18333333730697632
0 0.0703125 0.15833333134651184 0.13750000298023224 0.18333333730697632
0 0.4671874940395355 0.6083333492279053 0.1640625 0.18333333730697632
0 0.0625 0.3916666805744171 0.12343750149011612 0.2083333283662796
0 0.22499999403953552 0.5687500238418579 0.11874999850988388 0.18958333134651184
