0 0.38749998807907104 0.7208333611488342 0.14687499403953552 0.19166666269302368
0 0.5328124761581421 0.8166666626930237 0.12656250596046448 0.19374999403953552
0 0.917187511920929 0.53125 0.1640625 0.23541666567325592
0 0.3140625059604645 0.32499998807907104 0.22031250596046448 0.23541666567325592
0 0.15781250596046448 0.6479166746139526 0.20624999701976776 0.23749999701976776
0 0.8609374761581421 0.8999999761581421 0.18281249701976776 0.1979166716337204
0 0.5921875238418579 0.16249999403953552 0.20624999701976776 0.19583334028720856
0 0.24531249701976776 0.8979166746139526 0.16718749701976776 0.20208333432674408
0 0.8218749761581421 0.3395833373069763 0.16875000298023224 0.20624999701976776
0 0.9281250238418579 0.75 0.14374999701976776 0.21041665971279144
