0 0.515625 0.44999998807907104 0.17656250298023224 0.17916665971279144
0 0.734375 0.26875001192092896 0.19374999403953552 0.20624999701976776
0 0.5640624761581421 0.2562499940395355 0.15781250596046448 0.20000000298023224
0 0.1875 0.40625 0.15312500298023224 0.22708334028720856
0 0.34062498807907104 0.5645833611488342 0.15312500298023224 0.22708334028720856
0 0.37187498807907104 0.6208333373069763 0.15312500298023224 0.22708334028720856
0 0.9375 0.44999998807907104 0.12343750149011612 0.21666666865348816
0 0.9390624761581421 0.6041666865348816 0.12187500298023224 0.20000000298023224
0 0.9203125238418579 0.7270833253860474 0.15781250596046448 0.20000000298023224
0 0.9203125238418579 0.8041666746139526 0.15781250596046448 0.20000000298023224
0 0.09531249850988388 0.0833333358168602 0.15781250596046448 0.16458334028720856
0 0.11406250298023224 0.2708333432674408 0.14687499403953552 0.19583334028720856
0 0.589062511920929 0.08124999701976776 0.16562500596046448 0.16041666269302368
0 0.7749999761581421 0.08124999701976776 0.16562500596046448 0.16041666269302368
