0 0.14218750596046448 0.6270833611488342 0.15312500298023224 0.24791666865348816
0 0.16093750298023224 0.2395833283662796 0.15312500298023224 0.24791666865348816
0 0.3046875 0.675000011920929 0.15312500298023224 0.24791666865348816
0 0.7875000238418579 0.768750011920929 0.17343750596046448 0.24375000596046448
0 0.39375001192092896 0.4104166626930237 0.16249999403953552 0.23125000298023224
0 0.4046874940395355 0.21458333730697632 0.16875000298023224 0.18333333730697632
0 0.903124988079071 0.5916666388511658 0.15468749403953552 0.19374999403953552
0 0.43281251192092896 0.8916666507720947 0.17812499403953552 0.21250000596046448
0 0.28437501192092896 0.9104166626930237 0.15468749403953552 0.17916665971279144
0 0.612500011920929 0.36666667461395264 0.19843749701976776 0.1979166716337204
0 0.5390625 0.08749999850988388 0.17031249403953552 0.17291666567325592
