0 0.22968749701976776 0.606249988079071 0.16718749701976776 0.18333333730697632
0 0.13750000298023224 0.9083333611488342 0.16718749701976776 0.18333333730697632
0 0.4765625 0.14374999701976776 0.16718749701976776 0.18541666865348816
0 0.8140624761581421 0.8020833134651184 0.17343750596046448 0.25208333134651184
0 0.675000011920929 0.25208333134651184 0.17343750596046448 0.2541666626930237
0 0.703125 0.9166666865348816 0.16718749701976776 0.1666666716337204
0 0.17812499403953552 0.3687500059604645 0.15000000596046448 0.16041666269302368
0 0.23749999701976776 0.16458334028720856 0.17656250298023224 0.23541666567325592
0 0.8046875 0.3187499940395355 0.140625 0.24375000596046448
0 0.26875001192092896 0.3645833432674408 0.14687499403953552 0.17499999701976776
0 0.06406249850988388 0.6875 0.12656250596046448 0.25833332538604736
