0 0.30156248807907104 0.32083332538604736 0.15625 0.24583333730697632
0 0.3421874940395355 0.518750011920929 0.14374999701976776 0.2291666716337204
0 0.18437500298023224 0.12916666269302368 0.1484375 0.21250000596046448
0 0.746874988079071 0.17291666567325592 0.1484375 0.21250000596046448
0 0.839062511920929 0.17291666567325592 0.1484375 0.21250000596046448
0 0.760937511920929 0.40625 0.1484375 0.21250000596046448
0 0.8968750238418579 0.4416666626930237 0.1484375 0.21250000596046448
0 0.734375 0.625 0.16718749701976776 0.22499999403953552
0 0.6734374761581421 0.7416666746139526 0.16718749701976776 0.22499999403953552
0 0.14218750596046448 0.5375000238418579 0.14218750596046448 0.21250000596046448
0 0.17031249403953552 0.8604166507720947 0.17343750596046448 0.22083333134651184
0 0.879687488079071 0.7770833373069763 0.15937499701976776 0.19166666269302368
