0 0.6640625 0.8416666388511658 0.18125000596046448 0.18958333134651184
0 0.8828125 0.5270833373069763 0.17343750596046448 0.18958333134651184
0 0.574999988079071 0.6791666746139526 0.15312500298023224 0.1979166716337204
0 0.578125 0.30416667461395264 0.17343750596046448 0.21250000596046448
0 0.6656249761581421 0.4000000059604645 0.15312500298023224 0.1979166716337204
0 0.8828125 0.16249999403953552 0.13750000298023224 0.2604166567325592
0 0.723437488079071 0.08958332985639572 0.1640625 0.1770833283662796
0 0.1640625 0.2979166805744171 0.13750000298023224 0.3062500059604645
0 0.4312500059604645 0.65625 0.17499999701976776 0.25208333134651184
0 0.16718749701976776 0.543749988079071 0.17499999701976776 0.25208333134651184
0 0.870312511920929 0.8999999761581421 0.13593749701976776 0.1979166716337204
