0 0.421875 0.13124999403953552 0.15468749403953552 0.20624999701976776
0 0.6031249761581421 0.2083333283662796 0.15468749403953552 0.20624999701976776
0 0.581250011920929 0.26875001192092896 0.16562500596046448 0.21041665971279144
0 0.6421874761581421 0.48750001192092896 0.16718749701976776 0.1770833283662796
0 0.11249999701976776 0.7333333492279053 0.15000000596046448 0.2395833283662796
0 0.7890625 0.3499999940395355 0.14374999701976776 0.22291666269302368
0 0.2578125 0.12083332985639572 0.15000000596046448 0.23749999701976776
0 0.6968749761581421 0.706250011920929 0.15781250596046448 0.23333333432674408
0 0.949999988079071 0.7291666865348816 0.10000000149011612 0.18958333134651184
0 0.4375 0.793749988079071 0.14531250298023224 0.1875
0 0.23906250298023224 0.887499988079071 0.20781250298023224 0.1979166716337204
0 0.809374988079071 0.6020833253860474 0.19687500596046448 0.21250000596046448
