0 0.265625 0.5666666626930237 0.1875 0.24791666865348816
0 0.44843751192092896 0.5854166746139526 0.17812499403953552 0.22499999403953552
0 0.36406248807907104 0.10625000298023224 0.15000000596046448 0.2083333283662796
0 0.18281249701976776 0.3187499940395355 0.1953125 0.24375000596046448
0 0.13124999403953552 0.4229166805744171 0.15156249701976776 0.22083333134651184
0 0.11093749850988388 0.8208333253860474 0.16093750298023224 0.25
0 0.629687488079071 0.574999988079071 0.16093750298023224 0.20000000298023224
0 0.8046875 0.5062500238418579 0.18281249701976776 0.23541666567325592
0 0.6546875238418579 0.8041666746139526 0.18281249701976776 0.23541666567325592
0 0.2906250059604645 0.856249988079071 0.18281249701976776 0.23541666567325592
0 0.942187488079071 0.6875 0.11562500149011612 0.23333333432674408
0 0.7890625 0.6291666626930237 0.1875 0.20624999701976776
0 0.574999988079071 0.7749999761581421 0.18593749403953552 0.1875
0 0.7406250238418579 0.09375 0.18593749403953552 0.18541666865348816
