0 0.512499988079071 0.8458333611488342 0.21406249701976776 0.1979166716337204
0 0.5453125238418579 0.6937500238418579 0.14531250298023224 0.18958333134651184
0 0.7796875238418579 0.8187500238418579 0.18437500298023224 0.20416666567325592
0 0.6484375 0.21458333730697632 0.16093750298023224 0.20416666567325592
0 0.4437499940395355 0.2750000059604645 0.16562500596046448 0.1875
0 0.4828124940395355 0.4312500059604645 0.1484375 0.17916665971279144
0 0.30000001192092896 0.17291666567325592 0.20000000298023224 0.23541666567325592
0 0.7562500238418579 0.10000000149011612 0.14531250298023224 0.19583334028720856
0 0.84375 0.1041666641831398 0.1796875 0.20624999701976776
0 0.6859375238418579 0.5729166865348816 0.22812500596046448 0.24375000596046448
0 0.6656249761581421 0.3958333432674408 0.17499999701976776 0.19374999403953552
0 0.2796874940395355 0.8083333373069763 0.1796875 0.26249998807907104
0 0.8734375238418579 0.47708332538604736 0.16249999403953552 0.22083333134651184
