0 0.10000000149011612 0.5270833373069763 0.17499999701976776 0.18541666865348816
0 0.296875 0.75 0.16718749701976776 0.22291666269302368
0 0.15312500298023224 0.699999988079071 0.13124999403953552 0.2916666567325592
0 0.6343749761581421 0.643750011920929 0.18437500298023224 0.21666666865348816
0 0.4859375059604645 0.768750011920929 0.17031249403953552 0.17291666567325592
0 0.44999998807907104 0.5083333253860474 0.13750000298023224 0.2854166626930237
0 0.5718749761581421 0.4479166567325592 0.16718749701976776 0.22291666269302368
0 0.8968750238418579 0.643750011920929 0.18281249701976776 0.22291666269302368
0 0.901562511920929 0.3229166567325592 0.18281249701976776 0.22291666269302368
0 0.47343748807907104 0.9229166507720947 0.18593749403953552 0.15208333730697632
0 0.30000001192092896 0.5208333134651184 0.19374999403953552 0.17916665971279144
0 0.17343750596046448 0.25208333134651184 0.19218750298023224 0.21875
0 0.7046874761581421 0.5333333611488342 0.13750000298023224 0.17291666567325592
0 0.8125 0.06875000149011612 0.13750000298023224 0.1354166716337204
0 0.6421874761581421 0.8687499761581421 0.15000000596046448 0.26249998807907104
