0 0.8109375238418579 0.5291666388511658 0.2109375 0.22499999403953552
0 0.6421874761581421 0.768750011920929 0.16875000298023224 0.21041665971279144
0 0.5453125238418579 0.893750011920929 0.16875000298023224 0.21041665971279144
0 0.25312501192092896 0.5666666626930237 0.16875000298023224 0.21041665971279144
0 0.3921875059604645 0.893750011920929 0.16875000298023224 0.21041665971279144
0 0.7718750238418579 0.15416666865348816 0.16875000298023224 0.21041665971279144
0 0.6499999761581421 0.1041666641831398 0.16875000298023224 0.20624999701976776
0 0.948437511920929 0.6604166626930237 0.1015625 0.20208333432674408
0 0.503125011920929 0.33541667461395264 0.1015625 0.20208333432674408
0 0.43437498807907104 0.7020833492279053 0.1640625 0.18541666865348816
0 0.08437500149011612 0.8645833134651184 0.16562500596046448 0.24166665971279144
