0 0.12656250596046448 0.7166666388511658 0.1796875 0.21875
0 0.19374999403953552 0.8895833492279053 0.1796875 0.21875
0 0.854687511920929 0.7270833253860474 0.1796875 0.21875
0 0.909375011920929 0.8812500238418579 0.1796875 0.21875
0 0.3343749940395355 0.6520833373069763 0.19218750298023224 0.17916665971279144
0 0.41718751192092896 0.7583333253860474 0.1171875 0.1770833283662796
0 0.5093749761581421 0.7854166626930237 0.1171875 0.1770833283662796
0 0.893750011920929 0.16249999403953552 0.20624999701976776 0.27291667461395264
0 0.534375011920929 0.09375 0.1796875 0.18333333730697632
0 0.140625 0.37708333134651184 0.1796875 0.18541666865348816
0 0.8734375238418579 0.4937500059604645 0.20468750596046448 0.27916666865348816
