0 0.11874999850988388 0.7833333611488342 0.17812499403953552 0.2666666805744171
0 0.5703125 0.8791666626930237 0.17812499403953552 0.2395833283662796
0 0.8734375238418579 0.6270833611488342 0.18593749403953552 0.2395833283662796
0 0.839062511920929 0.42500001192092896 0.19687500596046448 0.22083333134651184
0 0.940625011920929 0.18541666865348816 0.1171875 0.26249998807907104
0 0.809374988079071 0.18958333134651184 0.14531250298023224 0.24166665971279144
0 0.6390625238418579 0.11041666567325592 0.19687500596046448 0.21875
0 0.6468750238418579 0.3125 0.18281249701976776 0.19374999403953552
0 0.4296875 0.27291667461395264 0.18281249701976776 0.19374999403953552
0 0.6656249761581421 0.5291666388511658 0.15000000596046448 0.20624999701976776
0 0.807812511920929 0.9104166626930237 0.15625 0.1770833283662796
0 0.375 0.925000011920929 0.15781250596046448 0.15000000596046448
0 0.3187499940395355 0.7583333253860474 0.17343750596046448 0.19583334028720856
0 0.1015625 0.34166666865348816 0.20000000298023224 0.23125000298023224
