0 0.4046874940395355 0.6979166865348816 0.15937499701976776 0.1875
0 0.574999988079071 0.7395833134651184 0.171875 0.18958333134651184
0 0.8187500238418579 0.8125 0.171875 0.21875
0 0.9140625 0.46041667461395264 0.171875 0.21875
0 0.4156250059604645 0.4541666805744171 0.171875 0.21875
0 0.40937501192092896 0.24166665971279144 0.171875 0.21875
0 0.551562488079071 0.19583334028720856 0.19062499701976776 0.25
0 0.6546875238418579 0.39375001192092896 0.16249999403953552 0.21041665971279144
0 0.753125011920929 0.34166666865348816 0.17812499403953552 0.24375000596046448
0 0.7406250238418579 0.574999988079071 0.17812499403953552 0.17916665971279144
0 0.8031250238418579 0.10625000298023224 0.18593749403953552 0.2083333283662796
0 0.2874999940395355 0.2874999940395355 0.140625 0.21875
0 0.07968749850988388 0.3229166567325592 0.15625 0.21666666865348816
0 0.09375 0.518750011920929 0.15625 0.20416666567325592
0 0.715624988079071 0.6354166865348816 0.13124999403953552 0.23541666567325592
