0 0.6656249761581421 0.13333334028720856 0.1640625 0.20000000298023224
0 0.8296874761581421 0.1458333283662796 0.1640625 0.20000000298023224
0 0.676562488079071 0.4000000059604645 0.1640625 0.20000000298023224
0 0.421875 0.8020833134651184 0.17656250298023224 0.21875
0 0.30937498807907104 0.6000000238418579 0.18593749403953552 0.2541666626930237
0 0.2874999940395355 0.22499999403953552 0.1484375 0.2083333283662796
0 0.778124988079071 0.8374999761581421 0.18593749403953552 0.2541666626930237
0 0.684374988079071 0.9291666746139526 0.15937499701976776 0.13750000298023224
0 0.8890625238418579 0.5416666865348816 0.18593749403953552 0.1666666716337204
0 0.11093749850988388 0.1875 0.18281249701976776 0.2645833194255829
0 0.42656248807907104 0.08541666716337204 0.140625 0.16875000298023224
0 0.32343751192092896 0.7645833492279053 0.18437500298023224 0.18958333134651184
0 0.609375 0.7854166626930237 0.16875000298023224 0.23541666567325592
