0 0.6796875 0.26875001192092896 0.19843749701976776 0.27291667461395264
0 0.754687488079071 0.6604166626930237 0.19374999403953552 0.2083333283662796
0 0.23906250298023224 0.4625000059604645 0.18125000596046448 0.20000000298023224
0 0.5406249761581421 0.49791666865348816 0.16562500596046448 0.1875
0 0.612500011920929 0.07500000298023224 0.20000000298023224 0.1458333283662796
0 0.21718749403953552 0.22291666269302368 0.15937499701976776 0.21041665971279144
0 0.9156249761581421 0.15416666865348816 0.1640625 0.21875
0 0.831250011920929 0.33541667461395264 0.15468749403953552 0.2541666626930237
0 0.8984375 0.9270833134651184 0.14374999701976776 0.14374999701976776
0 0.33906251192092896 0.11041666567325592 0.13906249403953552 0.2083333283662796
