0 0.8187500238418579 0.1770833283662796 0.17343750596046448 0.1875
0 0.6734374761581421 0.21666666865348816 0.17656250298023224 0.20624999701976776
0 0.5546875 0.5666666626930237 0.17656250298023224 0.20624999701976776
0 0.823437511920929 0.5895833373069763 0.15781250596046448 0.18541666865348816
0 0.9281250238418579 0.43541666865348816 0.14218750596046448 0.24583333730697632
0 0.721875011920929 0.4645833373069763 0.17812499403953552 0.24166665971279144
0 0.15468749403953552 0.831250011920929 0.17656250298023224 0.20624999701976776
0 0.21562500298023224 0.10000000149011612 0.16718749701976776 0.1979166716337204
0 0.484375 0.84375 0.19218750298023224 0.22291666269302368
0 0.753125011920929 0.8416666388511658 0.19374999403953552 0.2666666805744171
