0 0.359375 0.6499999761581421 0.20781250298023224 0.21458333730697632
0 0.12656250596046448 0.24375000596046448 0.20781250298023224 0.21458333730697632
0 0.11249999701976776 0.5895833373069763 0.18593749403953552 0.20624999701976776
0 0.4625000059604645 0.1145833358168602 0.1796875 0.21666666865348816
0 0.9234374761581421 0.33541667461395264 0.15312500298023224 0.21875
0 0.765625 0.71875 0.15312500298023224 0.21875
0 0.512499988079071 0.5270833373069763 0.171875 0.23125000298023224
0 0.33125001192092896 0.3958333432674408 0.20156249403953552 0.2541666626930237
0 0.6468750238418579 0.23749999701976776 0.16093750298023224 0.18958333134651184
0 0.6640625 0.5062500238418579 0.13593749701976776 0.22083333134651184
