0 0.6703125238418579 0.21458333730697632 0.203125 0.25833332538604736
0 0.871874988079071 0.4333333373069763 0.203125 0.25833332538604736
0 0.528124988079071 0.512499988079071 0.17031249403953552 0.18333333730697632
0 0.4937500059604645 0.11041666567325592 0.17656250298023224 0.15208333730697632
0 0.19843749701976776 0.5104166865348816 0.13750000298023224 0.16249999403953552
0 0.24843749403953552 0.22499999403953552 0.15937499701976776 0.1770833283662796
0 0.40156251192092896 0.8812500238418579 0.13593749701976776 0.21250000596046448
0 0.28437501192092896 0.6916666626930237 0.13593749701976776 0.18958333134651184
0 0.2578125 0.893750011920929 0.15937499701976776 0.18125000596046448
0 0.07968749850988388 0.2770833373069763 0.15781250596046448 0.2083333283662796
