0 0.793749988079071 0.3270833194255829 0.16718749701976776 0.21458333730697632
0 0.848437488079071 0.625 0.16718749701976776 0.21458333730697632
0 0.9234374761581421 0.4520833194255829 0.15156249701976776 0.21666666865348816
0 0.9437500238418579 0.78125 0.11249999701976776 0.21875
0 0.574999988079071 0.8708333373069763 0.18281249701976776 0.22083333134651184
0 0.559374988079071 0.21041665971279144 0.1875 0.23125000298023224
0 0.39375001192092896 0.17083333432674408 0.15312500298023224 0.24375000596046448
0 0.690625011920929 0.11249999701976776 0.15156249701976776 0.22083333134651184
0 0.06093750149011612 0.42916667461395264 0.11874999850988388 0.22083333134651184
0 0.05312500149011612 0.893750011920929 0.10312499850988388 0.21041665971279144
0 0.07187499850988388 0.07916666567325592 0.140625 0.15416666865348816
0 0.23749999701976776 0.09791667014360428 0.1796875 0.19166666269302368
0 0.14687499403953552 0.7562500238418579 0.1796875 0.19374999403953552
