0 0.1171875 0.706250011920929 0.15312500298023224 0.19374999403953552
0 0.5531250238418579 0.8270833492279053 0.19218750298023224 0.21666666865348816
0 0.9046875238418579 0.5249999761581421 0.18906250596046448 0.26249998807907104
0 0.84375 0.1875 0.18906250596046448 0.26249998807907104
0 0.7124999761581421 0.08124999701976776 0.16875000298023224 0.16041666269302368
0 0.590624988079071 0.6166666746139526 0.15937499701976776 0.19374999403953552
0 0.7515624761581421 0.6791666746139526 0.2109375 0.21250000596046448
0 0.932812511920929 0.8166666626930237 0.13437500596046448 0.21041665971279144
0 0.07968749850988388 0.90625 0.15000000596046448 0.18541666865348816
0 0.19218750298023224 0.15416666865348816 0.15937499701976776 0.23125000298023224
0 0.32499998807907104 0.5145833492279053 0.20156249403953552 0.24166665971279144
0 0.2796874940395355 0.762499988079071 0.1796875 0.19583334028720856
