0 0.1171875 0.24166665971279144 0.1796875 0.20000000298023224
0 0.11562500149011612 0.4437499940395355 0.17031249403953552 0.18958333134651184
0 0.234375 0.6333333253860474 0.171875 0.21250000596046448
0 0.12656250596046448 0.78125 0.17812499403953552 0.20000000298023224
0 0.32343751192092896 0.8166666626930237 0.17656250298023224 0.17499999701976776
0 0.46875 0.8187500238418579 0.18125000596046448 0.19583334028720856
0 0.6484375 0.8395833373069763 0.16562500596046448 0.2291666716337204
0 0.768750011920929 0.8208333253860474 0.15781250596046448 0.17291666567325592
0 0.784375011920929 0.625 0.15625 0.22499999403953552
0 0.8671875 0.5229166746139526 0.19218750298023224 0.16041666269302368
0 0.8359375 0.3479166626930237 0.19374999403953552 0.16875000298023224
0 0.590624988079071 0.1979166716337204 0.171875 0.20000000298023224
0 0.84375 0.12291666865348816 0.17812499403953552 0.24166665971279144
0 0.36406248807907104 0.31041666865348816 0.18906250596046448 0.2770833373069763
