0 0.3453125059604645 0.5062500238418579 0.15156249701976776 0.20416666567325592
0 0.635937511920929 0.5479166507720947 0.15156249701976776 0.20416666567325592
0 0.723437488079071 0.581250011920929 0.15156249701976776 0.20416666567325592
0 0.653124988079071 0.8166666626930237 0.17031249403953552 0.23333333432674408
0 0.4593749940395355 0.668749988079071 0.17031249403953552 0.23333333432674408
0 0.3296875059604645 0.8666666746139526 0.16249999403953552 0.20208333432674408
0 0.17031249403953552 0.9208333492279053 0.18437500298023224 0.1458333283662796
0 0.2906250059604645 0.16875000298023224 0.19687500596046448 0.2750000059604645
0 0.07656250149011612 0.6937500238418579 0.15000000596046448 0.20416666567325592
0 0.875 0.44999998807907104 0.15156249701976776 0.20416666567325592
0 0.5718749761581421 0.9125000238418579 0.13750000298023224 0.17499999701976776
0 0.16249999403953552 0.5687500238418579 0.16249999403953552 0.17916665971279144
0 0.09687499701976776 0.3604166805744171 0.16718749701976776 0.19374999403953552
0 0.1328125 0.07500000298023224 0.16718749701976776 0.14791665971279144
