0 0.706250011920929 0.6166666746139526 0.16249999403953552 0.20416666567325592
0 0.706250011920929 0.7395833134651184 0.16249999403953552 0.20416666567325592
0 0.918749988079071 0.4958333373069763 0.16249999403953552 0.20416666567325592
0 0.6000000238418579 0.09166666865348816 0.1640625 0.17916665971279144
0 0.18125000596046448 0.19374999403953552 0.16093750298023224 0.23333333432674408
0 0.7875000238418579 0.10625000298023224 0.16249999403953552 0.18125000596046448
0 0.7718750238418579 0.41458332538604736 0.16249999403953552 0.22499999403953552
0 0.4749999940395355 0.4479166567325592 0.16249999403953552 0.20416666567325592
0 0.0625 0.34583333134651184 0.12187500298023224 0.2083333283662796
0 0.5484374761581421 0.8666666746139526 0.15781250596046448 0.21041665971279144
0 0.590624988079071 0.2958333194255829 0.15781250596046448 0.21041665971279144
