0 0.49531251192092896 0.8687499761581421 0.1640625 0.20624999701976776
0 0.703125 0.8520833253860474 0.18281249701976776 0.23541666567325592
0 0.6390625238418579 0.39375001192092896 0.1640625 0.1666666716337204
0 0.753125011920929 0.3812499940395355 0.17656250298023224 0.21666666865348816
0 0.30781251192092896 0.7854166626930237 0.17656250298023224 0.21666666865348816
0 0.4546875059604645 0.5020833611488342 0.1640625 0.20624999701976776
0 0.45781248807907104 0.2916666567325592 0.1640625 0.20624999701976776
0 0.734375 0.1041666641831398 0.1640625 0.20416666567325592
0 0.22499999403953552 0.1770833283662796 0.20000000298023224 0.2604166567325592
0 0.13593749701976776 0.26875001192092896 0.125 0.18125000596046448
0 0.09531249850988388 0.8520833253860474 0.15000000596046448 0.19583334028720856
0 0.05781250074505806 0.7354166507720947 0.11406250298023224 0.20208333432674408
0 0.910937488079071 0.21041665971279144 0.16875000298023224 0.18125000596046448
