0 0.21406249701976776 0.13750000298023224 0.17656250298023224 0.20208333432674408
0 0.14531250298023224 0.6354166865348816 0.15781250596046448 0.19166666269302368
0 0.620312511920929 0.8354166746139526 0.15781250596046448 0.19166666269302368
0 0.22968749701976776 0.8500000238418579 0.15781250596046448 0.19166666269302368
0 0.3843750059604645 0.4625000059604645 0.15937499701976776 0.2291666716337204
0 0.703125 0.5979166626930237 0.15937499701976776 0.2291666716337204
0 0.917187511920929 0.6854166388511658 0.15937499701976776 0.2291666716337204
0 0.9359375238418579 0.3958333432674408 0.12656250596046448 0.22708334028720856
0 0.17031249403953552 0.3916666805744171 0.13593749701976776 0.21875
0 0.49531251192092896 0.49166667461395264 0.15937499701976776 0.2291666716337204
0 0.4765625 0.6729166507720947 0.15937499701976776 0.2291666716337204
0 0.4312500059604645 0.8479166626930237 0.16093750298023224 0.20624999701976776
