0 0.796875 0.2708333432674408 0.1484375 0.2395833283662796
0 0.5296875238418579 0.2750000059604645 0.1484375 0.2395833283662796
0 0.4156250059604645 0.13124999403953552 0.20000000298023224 0.21666666865348816
0 0.2578125 0.13124999403953552 0.15625 0.1875
0 0.18906250596046448 0.30416667461395264 0.15625 0.1875
0 0.33125001192092896 0.32083332538604736 0.15625 0.1875
0 0.24531249701976776 0.5020833611488342 0.16093750298023224 0.21666666865348816
0 0.328125 0.8333333134651184 0.16093750298023224 0.21666666865348816
0 0.4000000059604645 0.5145833492279053 0.16093750298023224 0.21666666865348816
0 0.723437488079071 0.8833333253860474 0.25 0.20000000298023224
