0 0.16718749701976776 0.7479166388511658 0.17031249403953552 0.22083333134651184
0 0.05312500149011612 0.5458333492279053 0.10468749701976776 0.24791666865348816
0 0.3375000059604645 0.3479166626930237 0.17031249403953552 0.22083333134651184
0 0.2578125 0.28958332538604736 0.17343750596046448 0.2395833283662796
0 0.30937498807907104 0.09375 0.14687499403953552 0.18333333730697632
0 0.453125 0.09375 0.14687499403953552 0.18333333730697632
0 0.8765624761581421 0.5291666388511658 0.16249999403953552 0.20208333432674408
0 0.8296874761581421 0.3187499940395355 0.16249999403953552 0.20208333432674408
0 0.668749988079071 0.3958333432674408 0.16249999403953552 0.20208333432674408
0 0.4671874940395355 0.5958333611488342 0.19062499701976776 0.21458333730697632
0 0.36406248807907104 0.5479166507720947 0.1796875 0.21458333730697632
0 0.32343751192092896 0.800000011920929 0.15312500298023224 0.26875001192092896
0 0.534375011920929 0.8229166865348816 0.11093749850988388 0.24791666865348816
0 0.598437488079071 0.16041666269302368 0.2109375 0.3166666626930237
