0 0.12031249701976776 0.3083333373069763 0.16718749701976776 0.22499999403953552
0 0.723437488079071 0.6333333253860474 0.19218750298023224 0.22291666269302368
0 0.737500011920929 0.887499988079071 0.19218750298023224 0.22291666269302368
0 0.917187511920929 0.11041666567325592 0.15468749403953552 0.21875
0 0.606249988079071 0.41874998807907104 0.14374999701976776 0.1979166716337204
0 0.7890625 0.2541666626930237 0.16718749701976776 0.20624999701976776
0 0.23749999701976776 0.5770833492279053 0.16718749701976776 0.20624999701976776
0 0.15000000596046448 0.606249988079071 0.1875 0.21875
0 0.32499998807907104 0.2395833283662796 0.16249999403953552 0.21875
0 0.675000011920929 0.4312500059604645 0.13750000298023224 0.1770833283662796
