0 0.20000000298023224 0.7708333134651184 0.16249999403953552 0.21458333730697632
0 0.2984375059604645 0.6541666388511658 0.17031249403953552 0.2291666716337204
0 0.4609375 0.731249988079071 0.18281249701976776 0.22708334028720856
0 0.4593749940395355 0.8979166746139526 0.18281249701976776 0.20208333432674408
0 0.65625 0.824999988079071 0.18593749403953552 0.23125000298023224
0 0.8031250238418579 0.4854166805744171 0.18593749403953552 0.23125000298023224
0 0.614062488079071 0.5854166746139526 0.19843749701976776 0.24791666865348816
0 0.125 0.4854166805744171 0.17343750596046448 0.21458333730697632
0 0.15468749403953552 0.2708333432674408 0.17499999701976776 0.20624999701976776
0 0.1953125 0.08541666716337204 0.16875000298023224 0.16875000298023224
0 0.7203124761581421 0.29374998807907104 0.14374999701976776 0.18958333134651184
0 0.817187488079071 0.2750000059604645 0.14374999701976776 0.18958333134651184
0 0.9281250238418579 0.09583333134651184 0.14374999701976776 0.1875
0 0.7796875238418579 0.09166666865348816 0.14531250298023224 0.17916665971279144
0 0.9156249761581421 0.7979166507720947 0.16718749701976776 0.23541666567325592
0 0.770312488079071 0.7250000238418579 0.19843749701976776 0.25
