0 0.23749999701976776 0.2291666716337204 0.18593749403953552 0.19374999403953552
0 0.07343749701976776 0.14791665971279144 0.14374999701976776 0.2916666567325592
0 0.09687499701976776 0.8854166865348816 0.1484375 0.2083333283662796
0 0.515625 0.5791666507720947 0.20781250298023224 0.2291666716337204
0 0.10468749701976776 0.5395833253860474 0.20624999701976776 0.2291666716337204
0 0.848437488079071 0.7229166626930237 0.20781250298023224 0.2291666716337204
0 0.737500011920929 0.5395833253860474 0.15625 0.21666666865348816
0 0.7749999761581421 0.8916666507720947 0.15625 0.21666666865348816
0 0.4281249940395355 0.3125 0.18125000596046448 0.21250000596046448
0 0.26249998807907104 0.7166666388511658 0.18125000596046448 0.21250000596046448
