0 0.589062511920929 0.46666666865348816 0.13750000298023224 0.2083333283662796
0 0.5687500238418579 0.13958333432674408 0.16249999403953552 0.21458333730697632
0 0.33125001192092896 0.1979166716337204 0.12343750149011612 0.18541666865348816
0 0.7734375 0.7020833492279053 0.1328125 0.19166666269302368
0 0.7093750238418579 0.5562499761581421 0.14531250298023224 0.20000000298023224
0 0.7906249761581421 0.3479166626930237 0.14531250298023224 0.20000000298023224
0 0.53125 0.8833333253860474 0.16718749701976776 0.23125000298023224
0 0.05312500149011612 0.5354166626930237 0.10468749701976776 0.22083333134651184
0 0.39375001192092896 0.8583333492279053 0.15937499701976776 0.23749999701976776
0 0.11406250298023224 0.13750000298023224 0.14218750596046448 0.22499999403953552
