0 0.875 0.824999988079071 0.16562500596046448 0.24583333730697632
0 0.9390624761581421 0.6770833134651184 0.12187500298023224 0.1979166716337204
0 0.875 0.4958333373069763 0.1796875 0.23749999701976776
0 0.2796874940395355 0.5333333611488342 0.15625 0.21666666865348816
0 0.567187488079071 0.8458333611488342 0.13124999403953552 0.22083333134651184
0 0.6328125 0.8479166626930237 0.15625 0.21666666865348816
0 0.20624999701976776 0.17499999701976776 0.18125000596046448 0.25208333134651184
0 0.8125 0.08124999701976776 0.17812499403953552 0.15833333134651184
0 0.1953125 0.8708333373069763 0.15625 0.21666666865348816
0 0.29218751192092896 0.800000011920929 0.14374999701976776 0.16875000298023224
0 0.620312511920929 0.625 0.15312500298023224 0.2083333283662796
