0 0.4593749940395355 0.4020833373069763 0.20000000298023224 0.2083333283662796
0 0.45625001192092896 0.08749999850988388 0.17343750596046448 0.17291666567325592
0 0.2953124940395355 0.25 0.17343750596046448 0.17499999701976776
0 0.19687500596046448 0.19583334028720856 0.14531250298023224 0.17291666567325592
0 0.848437488079071 0.0833333358168602 0.15000000596046448 0.16249999403953552
0 0.23749999701976776 0.5104166865348816 0.14531250298023224 0.17499999701976776
0 0.7093750238418579 0.8854166865348816 0.14531250298023224 0.17499999701976776
0 0.792187511920929 0.8666666746139526 0.14531250298023224 0.17499999701976776
0 0.43437498807907104 0.8729166388511658 0.14531250298023224 0.17499999701976776
0 0.8140624761581421 0.27916666865348816 0.15625 0.22708334028720856
0 0.671875 0.07500000298023224 0.16249999403953552 0.14791665971279144
0 0.10781250149011612 0.4270833432674408 0.15625 0.21041665971279144
