0 0.48906248807907104 0.706250011920929 0.16562500596046448 0.21458333730697632
0 0.7281249761581421 0.7458333373069763 0.15937499701976776 0.2645833194255829
0 0.6625000238418579 0.3604166805744171 0.18281249701976776 0.22083333134651184
0 0.23593750596046448 0.2979166805744171 0.16562500596046448 0.19166666269302368
0 0.856249988079071 0.5979166626930237 0.16875000298023224 0.21250000596046448
0 0.581250011920929 0.09375 0.16249999403953552 0.18333333730697632
0 0.3812499940395355 0.1145833358168602 0.1640625 0.18958333134651184
0 0.9078124761581421 0.21875 0.13906249403953552 0.18125000596046448
0 0.8109375238418579 0.25208333134651184 0.13906249403953552 0.18333333730697632
0 0.40625 0.8666666746139526 0.19218750298023224 0.21458333730697632
