0 0.7734375 0.18541666865348816 0.15625 0.20208333432674408
0 0.8140624761581421 0.5375000238418579 0.15625 0.20208333432674408
0 0.078125 0.10208333283662796 0.15468749403953552 0.20000000298023224
0 0.08281250298023224 0.3708333373069763 0.15625 0.20208333432674408
0 0.17656250298023224 0.65625 0.15625 0.20208333432674408
0 0.620312511920929 0.7770833373069763 0.17812499403953552 0.20624999701976776
0 0.9078124761581421 0.574999988079071 0.17343750596046448 0.2666666805744171
0 0.48124998807907104 0.6229166388511658 0.16249999403953552 0.17499999701976776
0 0.6031249761581421 0.3583333194255829 0.15781250596046448 0.1875
0 0.629687488079071 0.9041666388511658 0.15781250596046448 0.18958333134651184
