0 0.32499998807907104 0.8645833134651184 0.1640625 0.19166666269302368
0 0.8968750238418579 0.5541666746139526 0.18125000596046448 0.22083333134651184
0 0.917187511920929 0.7875000238418579 0.16562500596046448 0.2291666716337204
0 0.796875 0.71875 0.16562500596046448 0.2291666716337204
0 0.660937488079071 0.8125 0.19062499701976776 0.22499999403953552
0 0.26249998807907104 0.3333333432674408 0.16875000298023224 0.22291666269302368
0 0.23749999701976776 0.5770833492279053 0.17343750596046448 0.2604166567325592
0 0.7093750238418579 0.11874999850988388 0.16718749701976776 0.23333333432674408
0 0.29218751192092896 0.07500000298023224 0.15937499701976776 0.1458333283662796
0 0.4156250059604645 0.20000000298023224 0.203125 0.24375000596046448
