0 0.0546875 0.6812499761581421 0.10781250149011612 0.21458333730697632
0 0.3843750059604645 0.8458333611488342 0.20000000298023224 0.21458333730697632
0 0.234375 0.5708333253860474 0.15312500298023224 0.21875
0 0.885937511920929 0.4895833432674408 0.1640625 0.24166665971279144
0 0.6328125 0.918749988079071 0.1484375 0.16249999403953552
0 0.1953125 0.9145833253860474 0.16875000298023224 0.16875000298023224
0 0.07187499850988388 0.10833333432674408 0.14218750596046448 0.21250000596046448
0 0.714062511920929 0.5041666626930237 0.16249999403953552 0.21458333730697632
0 0.39531248807907104 0.6166666746139526 0.20000000298023224 0.22499999403953552
0 0.5609375238418579 0.7604166865348816 0.18281249701976776 0.21458333730697632
0 0.21406249701976776 0.41458332538604736 0.12343750149011612 0.15208333730697632
