0 0.07343749701976776 0.6270833611488342 0.1328125 0.21875
0 0.4156250059604645 0.13124999403953552 0.17656250298023224 0.2291666716337204
0 0.32343751192092896 0.7041666507720947 0.15312500298023224 0.23125000298023224
0 0.19374999403953552 0.9145833253860474 0.12968750298023224 0.16875000298023224
0 0.9125000238418579 0.13333334028720856 0.15781250596046448 0.21458333730697632
0 0.7093750238418579 0.26875001192092896 0.140625 0.18333333730697632
0 0.47343748807907104 0.5729166865348816 0.17656250298023224 0.2083333283662796
0 0.5062500238418579 0.7145833373069763 0.17656250298023224 0.2083333283662796
0 0.21562500298023224 0.49166667461395264 0.16875000298023224 0.23749999701976776
0 0.3265624940395355 0.44583332538604736 0.16875000298023224 0.23749999701976776
0 0.31718748807907104 0.11666666716337204 0.16562500596046448 0.2291666716337204
0 0.598437488079071 0.824999988079071 0.15625 0.1458333283662796
0 0.0703125 0.32499998807907104 0.13906249403953552 0.18333333730697632
