0 0.24687500298023224 0.8979166746139526 0.18437500298023224 0.1666666716337204
0 0.2906250059604645 0.6895833611488342 0.20468750596046448 0.23541666567325592
0 0.2671875059604645 0.16041666269302368 0.203125 0.24375000596046448
0 0.4281249940395355 0.25 0.19218750298023224 0.2395833283662796
0 0.885937511920929 0.7333333492279053 0.17499999701976776 0.24166665971279144
0 0.8031250238418579 0.762499988079071 0.16562500596046448 0.19374999403953552
0 0.6953125 0.8041666746139526 0.14218750596046448 0.19583334028720856
0 0.5953124761581421 0.8062499761581421 0.11874999850988388 0.19166666269302368
0 0.5234375 0.8187500238418579 0.125 0.20624999701976776
0 0.542187511920929 0.6000000238418579 0.17812499403953552 0.19583334028720856
0 0.7593749761581421 0.48750001192092896 0.17812499403953552 0.19583334028720856
0 0.2874999940395355 0.42916667461395264 0.20000000298023224 0.2645833194255829
