0 0.17656250298023224 0.25833332538604736 0.16093750298023224 0.21250000596046448
0 0.453125 0.5874999761581421 0.17031249403953552 0.2750000059604645
0 0.2796874940395355 0.7250000238418579 0.15625 0.20000000298023224
0 0.6703125238418579 0.7604166865348816 0.20156249403953552 0.24791666865348816
0 0.848437488079071 0.18125000596046448 0.15468749403953552 0.21250000596046448
0 0.3515625 0.16249999403953552 0.15000000596046448 0.22291666269302368
0 0.19218750298023224 0.4958333373069763 0.18437500298023224 0.19166666269302368
0 0.1484375 0.8479166626930237 0.15781250596046448 0.16249999403953552
0 0.90625 0.706250011920929 0.16249999403953552 0.2083333283662796
0 0.22031250596046448 0.6020833253860474 0.26249998807907104 0.14791665971279144
