0 0.6953125 0.5666666626930237 0.15625 0.2083333283662796
0 0.14374999701976776 0.34166666865348816 0.14218750596046448 0.20000000298023224
0 0.28125 0.3291666805744171 0.12656250596046448 0.22083333134651184
0 0.203125 0.862500011920929 0.14687499403953552 0.17499999701976776
0 0.770312488079071 0.71875 0.07656250149011612 0.3062500059604645
0 0.910937488079071 0.699999988079071 0.15000000596046448 0.19583334028720856
0 0.645312488079071 0.7541666626930237 0.18906250596046448 0.22291666269302368
0 0.828125 0.29374998807907104 0.14687499403953552 0.1875
0 0.903124988079071 0.2708333432674408 0.15468749403953552 0.17916665971279144
0 0.6312500238418579 0.2395833283662796 0.14687499403953552 0.20208333432674408
0 0.09687499701976776 0.6333333253860474 0.13437500596046448 0.1979166716337204
0 0.08749999850988388 0.731249988079071 0.14218750596046448 0.19166666269302368
0 0.5 0.32083332538604736 0.1171875 0.21666666865348816
