0 0.39531248807907104 0.7291666865348816 0.21250000596046448 0.22291666269302368
0 0.546875 0.8770833611488342 0.14218750596046448 0.21250000596046448
0 0.8265625238418579 0.8458333611488342 0.1640625 0.21875
0 0.668749988079071 0.7479166388511658 0.1640625 0.21875
0 0.6937500238418579 0.5416666865348816 0.1640625 0.21875
0 0.5640624761581421 0.20208333432674408 0.18437500298023224 0.22291666269302368
0 0.3812499940395355 0.35208332538604736 0.18437500298023224 0.2562499940395355
0 0.671875 0.3916666805744171 0.17812499403953552 0.2291666716337204
0 0.37031251192092896 0.1145833358168602 0.18906250596046448 0.22499999403953552
0 0.18437500298023224 0.1145833358168602 0.20624999701976776 0.13750000298023224
0 0.9140625 0.22083333134651184 0.171875 0.17083333432674408
0 0.9234374761581421 0.34375 0.15156249701976776 0.20416666567325592
0 0.856249988079071 0.07083333283662796 0.1484375 0.13750000298023224
0 0.6578124761581421 0.07083333283662796 0.1484375 0.13750000298023224
