0 0.47187501192092896 0.46041667461395264 0.15937499701976776 0.22499999403953552
0 0.6187499761581421 0.5729166865348816 0.15937499701976776 0.22499999403953552
0 0.47187501192092896 0.637499988079071 0.15937499701976776 0.22499999403953552
0 0.3109374940395355 0.44583332538604736 0.15937499701976776 0.22499999403953552
0 0.7749999761581421 0.8770833611488342 0.18593749403953552 0.24375000596046448
0 0.8765624761581421 0.6104166507720947 0.16249999403953552 0.21250000596046448
0 0.925000011920929 0.0833333358168602 0.15000000596046448 0.16249999403953552
0 0.125 0.46041667461395264 0.15937499701976776 0.22499999403953552
0 0.7828124761581421 0.6187499761581421 0.13750000298023224 0.21458333730697632
0 0.05781250074505806 0.13750000298023224 0.11406250298023224 0.2708333432674408
