0 0.895312488079071 0.4520833194255829 0.13906249403953552 0.17916665971279144
0 0.621874988079071 0.7250000238418579 0.15937499701976776 0.24375000596046448
0 0.08124999701976776 0.8166666626930237 0.15000000596046448 0.1875
0 0.7015625238418579 0.9270833134651184 0.20781250298023224 0.1354166716337204
0 0.48906248807907104 0.90625 0.18437500298023224 0.18541666865348816
0 0.4671874940395355 0.7270833253860474 0.16718749701976776 0.21666666865348816
0 0.6484375 0.10833333432674408 0.21250000596046448 0.21458333730697632
0 0.875 0.8500000238418579 0.17343750596046448 0.19374999403953552
0 0.1328125 0.1666666716337204 0.13750000298023224 0.2854166626930237
0 0.5921875238418579 0.34375 0.19218750298023224 0.20000000298023224
0 0.13750000298023224 0.5874999761581421 0.18281249701976776 0.19374999403953552
0 0.21562500298023224 0.7645833492279053 0.16875000298023224 0.19166666269302368
