0 0.7484375238418579 0.4937500059604645 0.18281249701976776 0.21666666865348816
0 0.32343751192092896 0.5395833253860474 0.18281249701976776 0.21666666865348816
0 0.19843749701976776 0.3895833194255829 0.12968750298023224 0.18333333730697632
0 0.23906250298023224 0.16041666269302368 0.17343750596046448 0.25
0 0.08437500149011612 0.1145833358168602 0.16562500596046448 0.22499999403953552
0 0.10468749701976776 0.637499988079071 0.1796875 0.23333333432674408
0 0.09062500298023224 0.8812500238418579 0.17812499403953552 0.23541666567325592
0 0.27812498807907104 0.7770833373069763 0.15312500298023224 0.20624999701976776
0 0.543749988079071 0.5479166507720947 0.18281249701976776 0.21666666865348816
0 0.848437488079071 0.10833333432674408 0.18281249701976776 0.21458333730697632
0 0.6640625 0.0833333358168602 0.17812499403953552 0.16249999403953552
0 0.760937511920929 0.800000011920929 0.15937499701976776 0.21666666865348816
0 0.942187488079071 0.731249988079071 0.11406250298023224 0.21875
0 0.510937511920929 0.33541667461395264 0.1953125 0.24583333730697632
