0 0.35624998807907104 0.31041666865348816 0.13124999403953552 0.1979166716337204
0 0.878125011920929 0.34375 0.13124999403953552 0.1979166716337204
0 0.934374988079071 0.7250000238418579 0.13124999403953552 0.1979166716337204
0 0.31562501192092896 0.5249999761581421 0.17656250298023224 0.21666666865348816
0 0.47343748807907104 0.4729166626930237 0.15781250596046448 0.22291666269302368
0 0.3671875 0.7208333611488342 0.14374999701976776 0.22499999403953552
0 0.734375 0.6229166388511658 0.16249999403953552 0.22291666269302368
0 0.13593749701976776 0.59375 0.15781250596046448 0.20416666567325592
0 0.21718749403953552 0.09375 0.19374999403953552 0.18541666865348816
0 0.6187499761581421 0.925000011920929 0.18906250596046448 0.15000000596046448
0 0.621874988079071 0.42500001192092896 0.15781250596046448 0.22291666269302368
0 0.9203125238418579 0.5249999761581421 0.15937499701976776 0.15833333134651184
0 0.16093750298023224 0.3291666805744171 0.16249999403953552 0.24375000596046448
0 0.1953125 0.7895833253860474 0.15937499701976776 0.22708334028720856
