0 0.559374988079071 0.5854166746139526 0.15937499701976776 0.19374999403953552
0 0.6031249761581421 0.375 0.17499999701976776 0.19583334028720856
0 0.38593751192092896 0.4270833432674408 0.171875 0.2291666716337204
0 0.484375 0.09791667014360428 0.17499999701976776 0.19166666269302368
0 0.15000000596046448 0.13333334028720856 0.13750000298023224 0.20000000298023224
0 0.12656250596046448 0.6208333373069763 0.17031249403953552 0.18958333134651184
0 0.606249988079071 0.21458333730697632 0.17031249403953552 0.18958333134651184
0 0.4765625 0.7645833492279053 0.16718749701976776 0.21041665971279144
0 0.3843750059604645 0.6833333373069763 0.14531250298023224 0.2604166567325592
0 0.832812488079071 0.41874998807907104 0.17656250298023224 0.15208333730697632
0 0.776562511920929 0.34583333134651184 0.16562500596046448 0.15625
