0 0.3046875 0.6395833492279053 0.09687499701976776 0.23749999701976776
0 0.5328124761581421 0.6708333492279053 0.14531250298023224 0.1875
0 0.7796875238418579 0.4895833432674408 0.14531250298023224 0.1875
0 0.5640624761581421 0.07500000298023224 0.18593749403953552 0.14791665971279144
0 0.2984375059604645 0.3583333194255829 0.14531250298023224 0.1875
0 0.375 0.3645833432674408 0.14531250298023224 0.1875
0 0.36250001192092896 0.20624999701976776 0.12812499701976776 0.17291666567325592
0 0.604687511920929 0.9229166507720947 0.19687500596046448 0.15416666865348816
0 0.793749988079071 0.90625 0.14531250298023224 0.1875
0 0.9390624761581421 0.5 0.12187500298023224 0.19166666269302368
0 0.910937488079071 0.15833333134651184 0.17812499403953552 0.2770833373069763
0 0.864062488079071 0.3062500059604645 0.140625 0.1770833283662796
0 0.0703125 0.793749988079071 0.13906249403953552 0.1770833283662796
