0 0.44062501192092896 0.3958333432674408 0.17499999701976776 0.20624999701976776
0 0.3921875059604645 0.20416666567325592 0.21250000596046448 0.24166665971279144
0 0.598437488079071 0.40625 0.17499999701976776 0.21666666865348816
0 0.871874988079071 0.7124999761581421 0.16562500596046448 0.21250000596046448
0 0.9156249761581421 0.9020833373069763 0.16249999403953552 0.19374999403953552
0 0.3375000059604645 0.918749988079071 0.16093750298023224 0.16249999403953552
0 0.5171874761581421 0.7104166746139526 0.18125000596046448 0.20208333432674408
0 0.07500000298023224 0.09791667014360428 0.14687499403953552 0.19166666269302368
0 0.723437488079071 0.6208333373069763 0.16718749701976776 0.25833332538604736
0 0.629687488079071 0.11666666716337204 0.17031249403953552 0.2291666716337204
0 0.9390624761581421 0.26875001192092896 0.12187500298023224 0.24375000596046448
0 0.8968750238418579 0.4854166805744171 0.15468749403953552 0.24583333730697632
0 0.26093751192092896 0.4729166626930237 0.18437500298023224 0.24166665971279144
