0 0.41874998807907104 0.6000000238418579 0.1640625 0.1875
0 0.917187511920929 0.5062500238418579 0.1640625 0.24583333730697632
0 0.3453125059604645 0.3645833432674408 0.19687500596046448 0.16458334028720856
0 0.42500001192092896 0.8812500238418579 0.16093750298023224 0.16875000298023224
0 0.7875000238418579 0.1875 0.16093750298023224 0.16875000298023224
0 0.5625 0.3645833432674408 0.16093750298023224 0.16875000298023224
0 0.07343749701976776 0.8354166746139526 0.14531250298023224 0.19374999403953552
0 0.234375 0.08124999701976776 0.15156249701976776 0.16041666269302368
0 0.2578125 0.9104166626930237 0.15156249701976776 0.16249999403953552
0 0.9234374761581421 0.9166666865348816 0.15156249701976776 0.16458334028720856
0 0.6421874761581421 0.893750011920929 0.15312500298023224 0.16458334028720856
