0 0.645312488079071 0.40416666865348816 0.17812499403953552 0.19374999403953552
0 0.6781250238418579 0.5458333492279053 0.17812499403953552 0.19374999403953552
0 0.7046874761581421 0.7479166388511658 0.17812499403953552 0.19374999403953552
0 0.5859375 0.8791666626930237 0.17812499403953552 0.19374999403953552
0 0.29374998807907104 0.9083333611488342 0.19062499701976776 0.18333333730697632
0 0.11249999701976776 0.7958333492279053 0.17812499403953552 0.19374999403953552
0 0.3515625 0.737500011920929 0.17812499403953552 0.19374999403953552
0 0.9453125 0.8479166626930237 0.10781250149011612 0.19166666269302368
0 0.9453125 0.2750000059604645 0.10781250149011612 0.19166666269302368
0 0.859375 0.2916666567325592 0.1796875 0.28125
0 0.9390624761581421 0.59375 0.12031249701976776 0.21250000596046448
0 0.8187500238418579 0.6479166746139526 0.14374999701976776 0.17083333432674408
