0 0.12187500298023224 0.7770833373069763 0.18281249701976776 0.24583333730697632
0 0.5328124761581421 0.25208333134651184 0.1484375 0.21458333730697632
0 0.3578124940395355 0.1354166716337204 0.19218750298023224 0.19583334028720856
0 0.6734374761581421 0.21041665971279144 0.16718749701976776 0.20000000298023224
0 0.640625 0.8979166746139526 0.16718749701976776 0.20000000298023224
0 0.6890624761581421 0.5458333492279053 0.16718749701976776 0.20000000298023224
0 0.6812499761581421 0.44583332538604736 0.16718749701976776 0.20000000298023224
0 0.871874988079071 0.2708333432674408 0.17031249403953552 0.26875001192092896
0 0.2421875 0.16875000298023224 0.14687499403953552 0.22083333134651184
0 0.35624998807907104 0.824999988079071 0.14687499403953552 0.22083333134651184
0 0.768750011920929 0.7541666626930237 0.1796875 0.21666666865348816
