0 0.12187500298023224 0.6354166865348816 0.18281249701976776 0.2083333283662796
0 0.2640624940395355 0.7895833253860474 0.16718749701976776 0.21041665971279144
0 0.09062500298023224 0.856249988079071 0.16718749701976776 0.21041665971279144
0 0.4140625 0.668749988079071 0.17343750596046448 0.2770833373069763
0 0.8578125238418579 0.39375001192092896 0.16718749701976776 0.21041665971279144
0 0.9296875 0.10625000298023224 0.13906249403953552 0.2083333283662796
0 0.856249988079071 0.6312500238418579 0.16875000298023224 0.24166665971279144
0 0.9234374761581421 0.84375 0.15156249701976776 0.2562499940395355
0 0.08437500149011612 0.3166666626930237 0.16718749701976776 0.24166665971279144
0 0.2906250059604645 0.10000000149011612 0.171875 0.19583334028720856
0 0.2671875059604645 0.47708332538604736 0.17031249403953552 0.24583333730697632
0 0.6875 0.8083333373069763 0.16875000298023224 0.2916666567325592
