0 0.1328125 0.44999998807907104 0.171875 0.20000000298023224
0 0.09375 0.17499999701976776 0.15156249701976776 0.20416666567325592
0 0.12656250596046448 0.8374999761581421 0.17499999701976776 0.2083333283662796
0 0.2578125 0.7666666507720947 0.17499999701976776 0.2083333283662796
0 0.3359375 0.625 0.1796875 0.25208333134651184
0 0.4625000059604645 0.8187500238418579 0.15156249701976776 0.1979166716337204
0 0.6265624761581421 0.7020833492279053 0.16093750298023224 0.1875
0 0.609375 0.23541666567325592 0.19062499701976776 0.2291666716337204
0 0.3671875 0.10625000298023224 0.203125 0.2083333283662796
0 0.34687501192092896 0.32499998807907104 0.17031249403953552 0.19374999403953552
0 0.38749998807907104 0.39791667461395264 0.140625 0.16249999403953552
0 0.723437488079071 0.07916666567325592 0.234375 0.15625
0 0.90625 0.543749988079071 0.17656250298023224 0.1666666716337204
0 0.7984374761581421 0.3395833373069763 0.12968750298023224 0.17291666567325592
0 0.871874988079071 0.3062500059604645 0.1484375 0.22291666269302368
