0 0.09531249850988388 0.8395833373069763 0.1796875 0.20416666567325592
0 0.1484375 0.6291666626930237 0.20781250298023224 0.28958332538604736
0 0.15000000596046448 0.4583333432674408 0.17812499403953552 0.19374999403953552
0 0.26875001192092896 0.4854166805744171 0.10625000298023224 0.2708333432674408
0 0.09843750298023224 0.0833333358168602 0.12968750298023224 0.16249999403953552
0 0.4859375059604645 0.21041665971279144 0.16093750298023224 0.23125000298023224
0 0.6656249761581421 0.11874999850988388 0.13593749701976776 0.1770833283662796
0 0.34843748807907104 0.3062500059604645 0.17031249403953552 0.18125000596046448
0 0.39531248807907104 0.5645833611488342 0.18593749403953552 0.18333333730697632
0 0.33906251192092896 0.78125 0.1796875 0.23749999701976776
0 0.44999998807907104 0.7854166626930237 0.1796875 0.23749999701976776
0 0.645312488079071 0.7583333253860474 0.1796875 0.2645833194255829
0 0.20624999701976776 0.22499999403953552 0.12031249701976776 0.2750000059604645
0 0.08437500149011612 0.2770833373069763 0.16093750298023224 0.18958333134651184
0 0.28125 0.12083332985639572 0.15312500298023224 0.2291666716337204
0 0.925000011920929 0.4895833432674408 0.1484375 0.2854166626930237
0 0.807812511920929 0.9375 0.1875 0.125
