0 0.4453125 0.8541666865348816 0.1640625 0.17499999701976776
0 0.6265624761581421 0.8958333134651184 0.171875 0.18958333134651184
0 0.4625000059604645 0.24583333730697632 0.171875 0.18958333134651184
0 0.48124998807907104 0.08958332985639572 0.18125000596046448 0.17499999701976776
0 0.2593750059604645 0.7729166746139526 0.1875 0.23541666567325592
0 0.5328124761581421 0.4208333194255829 0.1640625 0.17499999701976776
0 0.628125011920929 0.31458333134651184 0.1640625 0.17499999701976776
0 0.24375000596046448 0.12916666269302368 0.1640625 0.17499999701976776
0 0.08437500149011612 0.5645833611488342 0.16718749701976776 0.21041665971279144
0 0.953125 0.893750011920929 0.08906249701976776 0.21041665971279144
0 0.7953125238418579 0.862500011920929 0.1640625 0.17499999701976776
0 0.9390624761581421 0.13750000298023224 0.12031249701976776 0.19374999403953552
0 0.550000011920929 0.675000011920929 0.15000000596046448 0.2604166567325592
