0 0.13437500596046448 0.3958333432674408 0.18593749403953552 0.2291666716337204
0 0.3890624940395355 0.6208333373069763 0.1796875 0.2916666567325592
0 0.19687500596046448 0.16458334028720856 0.18593749403953552 0.2291666716337204
0 0.5171874761581421 0.46666666865348816 0.15468749403953552 0.23541666567325592
0 0.5015624761581421 0.8187500238418579 0.15781250596046448 0.2291666716337204
0 0.19062499701976776 0.6145833134651184 0.17343750596046448 0.20624999701976776
0 0.18437500298023224 0.7416666746139526 0.17343750596046448 0.20624999701976776
0 0.609375 0.08541666716337204 0.17031249403953552 0.1666666716337204
0 0.846875011920929 0.3166666626930237 0.15312500298023224 0.19583334028720856
0 0.734375 0.19583334028720856 0.11562500149011612 0.18541666865348816
0 0.8046875 0.10000000149011612 0.12343750149011612 0.19583334028720856
0 0.932812511920929 0.14791665971279144 0.1328125 0.21666666865348816
0 0.5171874761581421 0.23541666567325592 0.16093750298023224 0.18958333134651184
0 0.671875 0.3854166567325592 0.1875 0.1770833283662796
