0 0.33125001192092896 0.6270833611488342 0.18125000596046448 0.2291666716337204
0 0.27656251192092896 0.40625 0.15312500298023224 0.18958333134651184
0 0.11406250298023224 0.09583333134651184 0.19374999403953552 0.1875
0 0.796875 0.16249999403953552 0.15468749403953552 0.19374999403953552
0 0.800000011920929 0.7479166388511658 0.15781250596046448 0.20000000298023224
0 0.534375011920929 0.8104166388511658 0.171875 0.2083333283662796
0 0.11874999850988388 0.5291666388511658 0.21406249701976776 0.22291666269302368
0 0.07187499850988388 0.3166666626930237 0.140625 0.18958333134651184
0 0.7593749761581421 0.550000011920929 0.15781250596046448 0.20000000298023224
0 0.65625 0.15625 0.17343750596046448 0.20208333432674408
