0 0.8343750238418579 0.09791667014360428 0.17031249403953552 0.18958333134651184
0 0.6265624761581421 0.5333333611488342 0.16875000298023224 0.2395833283662796
0 0.8374999761581421 0.856249988079071 0.13124999403953552 0.22708334028720856
0 0.9234374761581421 0.28125 0.13124999403953552 0.22708334028720856
0 0.682812511920929 0.8541666865348816 0.16875000298023224 0.2395833283662796
0 0.625 0.10000000149011612 0.16562500596046448 0.1979166716337204
0 0.18437500298023224 0.27916666865348816 0.19843749701976776 0.23749999701976776
0 0.4859375059604645 0.16249999403953552 0.17812499403953552 0.21041665971279144
0 0.10312499850988388 0.5166666507720947 0.19062499701976776 0.21041665971279144
0 0.714062511920929 0.46875 0.17031249403953552 0.25
0 0.7124999761581421 0.65625 0.15156249701976776 0.21458333730697632
