0 0.715624988079071 0.7354166507720947 0.18906250596046448 0.26249998807907104
0 0.32499998807907104 0.6312500238418579 0.20937499403953552 0.26249998807907104
0 0.09375 0.4854166805744171 0.18593749403953552 0.18541666865348816
0 0.06718750298023224 0.887499988079071 0.1328125 0.22291666269302368
0 0.2906250059604645 0.14374999701976776 0.19062499701976776 0.22708334028720856
0 0.2593750059604645 0.36666667461395264 0.19062499701976776 0.22708334028720856
0 0.518750011920929 0.9083333611488342 0.17499999701976776 0.1770833283662796
0 0.9078124761581421 0.11041666567325592 0.1328125 0.17291666567325592
0 0.6546875238418579 0.16041666269302368 0.20468750596046448 0.23749999701976776
0 0.48750001192092896 0.10833333432674408 0.17656250298023224 0.21458333730697632
0 0.5874999761581421 0.675000011920929 0.171875 0.22291666269302368
