0 0.35624998807907104 0.737500011920929 0.19062499701976776 0.23333333432674408
0 0.08124999701976776 0.7208333611488342 0.16093750298023224 0.21458333730697632
0 0.7734375 0.2083333283662796 0.16249999403953552 0.21458333730697632
0 0.698437511920929 0.2541666626930237 0.16249999403953552 0.21458333730697632
0 0.6156250238418579 0.36250001192092896 0.17812499403953552 0.26875001192092896
0 0.390625 0.4104166626930237 0.19687500596046448 0.23541666567325592
0 0.2265625 0.10000000149011612 0.1640625 0.19583334028720856
0 0.37812501192092896 0.21458333730697632 0.17656250298023224 0.21250000596046448
0 0.573437511920929 0.08958332985639572 0.16875000298023224 0.17499999701976776
0 0.518750011920929 0.643750011920929 0.14687499403953552 0.19166666269302368
0 0.5328124761581421 0.7729166746139526 0.15625 0.18958333134651184
0 0.5328124761581421 0.8770833611488342 0.15625 0.18958333134651184
0 0.7171875238418579 0.9020833373069763 0.15625 0.18958333134651184
0 0.19687500596046448 0.7333333492279053 0.1640625 0.23541666567325592
