0 0.723437488079071 0.22291666269302368 0.17499999701976776 0.21041665971279144
0 0.5375000238418579 0.23333333432674408 0.12968750298023224 0.21041665971279144
0 0.4828124940395355 0.9166666865348816 0.1484375 0.16458334028720856
0 0.4437499940395355 0.5 0.140625 0.22083333134651184
0 0.41718751192092896 0.21041665971279144 0.1171875 0.18958333134651184
0 0.8374999761581421 0.6479166746139526 0.15625 0.23333333432674408
0 0.7718750238418579 0.8291666507720947 0.14531250298023224 0.17916665971279144
0 0.9156249761581421 0.918749988079071 0.15468749403953552 0.16041666269302368
0 0.6953125 0.9458333253860474 0.15468749403953552 0.10625000298023224
0 0.5640624761581421 0.699999988079071 0.14531250298023224 0.17916665971279144
0 0.6499999761581421 0.643750011920929 0.15000000596046448 0.21458333730697632
0 0.08124999701976776 0.8979166746139526 0.15156249701976776 0.20208333432674408
0 0.05156249925494194 0.6666666865348816 0.1015625 0.24166665971279144
