0 0.7421875 0.5395833253860474 0.19374999403953552 0.2395833283662796
0 0.44062501192092896 0.862500011920929 0.17343750596046448 0.1770833283662796
0 0.13906249403953552 0.10625000298023224 0.17343750596046448 0.20416666567325592
0 0.27656251192092896 0.59375 0.17343750596046448 0.20416666567325592
0 0.659375011920929 0.3583333194255829 0.17343750596046448 0.20416666567325592
0 0.08437500149011612 0.40416666865348816 0.16718749701976776 0.2291666716337204
0 0.46875 0.3583333194255829 0.17343750596046448 0.20416666567325592
0 0.9078124761581421 0.21875 0.17343750596046448 0.20416666567325592
0 0.7281249761581421 0.08124999701976776 0.1484375 0.16041666269302368
0 0.07187499850988388 0.7208333611488342 0.14218750596046448 0.19374999403953552
