0 0.13906249403953552 0.8708333373069763 0.15781250596046448 0.20416666567325592
0 0.09375 0.6916666626930237 0.15156249701976776 0.20000000298023224
0 0.9140625 0.5270833373069763 0.171875 0.19374999403953552
0 0.5453125238418579 0.6416666507720947 0.15937499701976776 0.24791666865348816
0 0.6875 0.20208333432674408 0.15625 0.24375000596046448
0 0.20156249403953552 0.12083332985639572 0.15625 0.19583334028720856
0 0.6890624761581421 0.643750011920929 0.1796875 0.1875
0 0.09375 0.2750000059604645 0.15781250596046448 0.20624999701976776
0 0.15468749403953552 0.4208333194255829 0.16093750298023224 0.21250000596046448
0 0.34687501192092896 0.675000011920929 0.15468749403953552 0.20416666567325592
0 0.8999999761581421 0.8770833611488342 0.16562500596046448 0.21250000596046448
0 0.359375 0.10833333432674408 0.15000000596046448 0.17499999701976776
