0 0.19843749701976776 0.6166666746139526 0.15625 0.19374999403953552
0 0.3531250059604645 0.7166666388511658 0.13593749701976776 0.19583334028720856
0 0.47968751192092896 0.7229166626930237 0.15156249701976776 0.22083333134651184
0 0.760937511920929 0.7124999761581421 0.16718749701976776 0.2083333283662796
0 0.8968750238418579 0.6895833611488342 0.16875000298023224 0.24166665971279144
0 0.14374999701976776 0.8916666507720947 0.15781250596046448 0.1875
0 0.24375000596046448 0.3604166805744171 0.171875 0.25
0 0.08124999701976776 0.3270833194255829 0.15781250596046448 0.1875
0 0.6000000238418579 0.5208333134651184 0.16093750298023224 0.21250000596046448
0 0.75 0.4229166805744171 0.15937499701976776 0.18125000596046448
0 0.9140625 0.1666666716337204 0.15937499701976776 0.18125000596046448
0 0.14531250298023224 0.12708333134651184 0.17343750596046448 0.21041665971279144
