0 0.24687500298023224 0.41874998807907104 0.14687499403953552 0.21875
0 0.840624988079071 0.2770833373069763 0.17031249403953552 0.22083333134651184
0 0.6546875238418579 0.3375000059604645 0.17031249403953552 0.22083333134651184
0 0.7406250238418579 0.7479166388511658 0.16718749701976776 0.24375000596046448
0 0.4671874940395355 0.762499988079071 0.15312500298023224 0.22083333134651184
0 0.32343751192092896 0.7708333134651184 0.15312500298023224 0.22083333134651184
0 0.581250011920929 0.19166666269302368 0.16093750298023224 0.22291666269302368
0 0.1328125 0.24166665971279144 0.17499999701976776 0.21875
0 0.6031249761581421 0.625 0.19687500596046448 0.21875
0 0.879687488079071 0.8770833611488342 0.15312500298023224 0.22083333134651184
