0 0.8265625238418579 0.8645833134651184 0.2109375 0.19583334028720856
0 0.692187488079071 0.32499998807907104 0.20937499403953552 0.21666666865348816
0 0.44218748807907104 0.5604166388511658 0.20000000298023224 0.18958333134651184
0 0.27031248807907104 0.7041666507720947 0.15312500298023224 0.21666666865348816
0 0.18906250596046448 0.9083333611488342 0.1640625 0.17916665971279144
0 0.42656248807907104 0.78125 0.16875000298023224 0.2083333283662796
0 0.5531250238418579 0.7291666865348816 0.19218750298023224 0.24583333730697632
0 0.6499999761581421 0.5270833373069763 0.16875000298023224 0.2083333283662796
0 0.12968750298023224 0.12083332985639572 0.15000000596046448 0.23749999701976776
0 0.7984374761581421 0.5104166865348816 0.15625 0.21041665971279144
0 0.668749988079071 0.1041666641831398 0.16875000298023224 0.20624999701976776
0 0.05937499925494194 0.36666667461395264 0.1171875 0.2750000059604645
