0 0.807812511920929 0.5166666507720947 0.19843749701976776 0.21458333730697632
0 0.528124988079071 0.699999988079071 0.11093749850988388 0.21875
0 0.628125011920929 0.4375 0.19843749701976776 0.21458333730697632
0 0.625 0.4333333373069763 0.19843749701976776 0.21458333730697632
0 0.5703125 0.3333333432674408 0.13124999403953552 0.16875000298023224
0 0.46406251192092896 0.28125 0.19843749701976776 0.21458333730697632
0 0.4124999940395355 0.11249999701976776 0.16562500596046448 0.22291666269302368
0 0.0703125 0.14166666567325592 0.13906249403953552 0.22499999403953552
0 0.05000000074505806 0.3916666805744171 0.09687499701976776 0.21041665971279144
0 0.41093748807907104 0.8125 0.16562500596046448 0.22499999403953552
0 0.09375 0.875 0.16093750298023224 0.20416666567325592
0 0.09687499701976776 0.668749988079071 0.16093750298023224 0.20416666567325592
0 0.203125 0.8500000238418579 0.1640625 0.16875000298023224
0 0.84375 0.13124999403953552 0.15625 0.22083333134651184
0 0.934374988079071 0.33541667461395264 0.13124999403953552 0.14791665971279144
