0 0.19843749701976776 0.17083333432674408 0.16875000298023224 0.21666666865348816
0 0.14687499403953552 0.4020833373069763 0.16562500596046448 0.25208333134651184
0 0.48906248807907104 0.793749988079071 0.16562500596046448 0.25208333134651184
0 0.24687500298023224 0.8416666388511658 0.15937499701976776 0.18541666865348816
0 0.30781251192092896 0.8666666746139526 0.15937499701976776 0.18541666865348816
0 0.0625 0.6645833253860474 0.12187500298023224 0.21666666865348816
0 0.643750011920929 0.6291666626930237 0.14374999701976776 0.20000000298023224
0 0.7171875238418579 0.3895833194255829 0.16718749701976776 0.20000000298023224
0 0.7562500238418579 0.10000000149011612 0.16718749701976776 0.1979166716337204
0 0.518750011920929 0.15416666865348816 0.16718749701976776 0.20000000298023224
0 0.8500000238418579 0.22291666269302368 0.17499999701976776 0.22708334028720856
