0 0.21875 0.2958333194255829 0.15625 0.21250000596046448
0 0.5015624761581421 0.3583333194255829 0.15625 0.21250000596046448
0 0.862500011920929 0.09375 0.16562500596046448 0.18333333730697632
0 0.7515624761581421 0.3166666626930237 0.13593749701976776 0.25208333134651184
0 0.653124988079071 0.6479166746139526 0.15625 0.21250000596046448
0 0.7124999761581421 0.824999988079071 0.16562500596046448 0.2291666716337204
0 0.39531248807907104 0.5166666507720947 0.17499999701976776 0.2750000059604645
0 0.23906250298023224 0.512499988079071 0.13750000298023224 0.20208333432674408
0 0.125 0.7645833492279053 0.17656250298023224 0.23541666567325592
0 0.942187488079071 0.6583333611488342 0.11406250298023224 0.2708333432674408
0 0.682812511920929 0.3541666567325592 0.15625 0.21250000596046448
0 0.8421875238418579 0.7749999761581421 0.1640625 0.21041665971279144
