0 0.723437488079071 0.49791666865348816 0.20468750596046448 0.17916665971279144
0 0.7437499761581421 0.2291666716337204 0.18906250596046448 0.2395833283662796
0 0.9234374761581421 0.24791666865348816 0.15156249701976776 0.2395833283662796
0 0.5171874761581421 0.1979166716337204 0.16249999403953552 0.21666666865348816
0 0.375 0.8354166746139526 0.16249999403953552 0.19166666269302368
0 0.503125011920929 0.8145833611488342 0.11874999850988388 0.17916665971279144
0 0.6078125238418579 0.7416666746139526 0.15781250596046448 0.21041665971279144
0 0.7171875238418579 0.8083333373069763 0.1953125 0.18541666865348816
0 0.7749999761581421 0.7083333134651184 0.1953125 0.18541666865348816
0 0.07343749701976776 0.8666666746139526 0.14374999701976776 0.21666666865348816
0 0.203125 0.23749999701976776 0.1875 0.17916665971279144
0 0.3828125 0.0729166641831398 0.18906250596046448 0.14374999701976776
0 0.948437511920929 0.4854166805744171 0.10312499850988388 0.22708334028720856
