0 0.71875 0.918749988079071 0.16562500596046448 0.16249999403953552
0 0.528124988079071 0.9416666626930237 0.15625 0.11666666716337204
0 0.37031251192092896 0.3062500059604645 0.1875 0.20000000298023224
0 0.28437501192092896 0.16875000298023224 0.1875 0.20000000298023224
0 0.8062499761581421 0.3229166567325592 0.1875 0.20000000298023224
0 0.785937488079071 0.5145833492279053 0.15000000596046448 0.1666666716337204
0 0.9437500238418579 0.2708333432674408 0.11093749850988388 0.20624999701976776
0 0.918749988079071 0.668749988079071 0.16093750298023224 0.19583334028720856
0 0.7171875238418579 0.7416666746139526 0.16093750298023224 0.19583334028720856
0 0.5453125238418579 0.4333333373069763 0.16093750298023224 0.19583334028720856
0 0.0703125 0.5416666865348816 0.13750000298023224 0.21041665971279144
0 0.1953125 0.8104166388511658 0.17499999701976776 0.23749999701976776
0 0.359375 0.5145833492279053 0.17499999701976776 0.23749999701976776
