0 0.5015624761581421 0.2395833283662796 0.19374999403953552 0.21250000596046448
0 0.34843748807907104 0.7166666388511658 0.17343750596046448 0.22499999403953552
0 0.5062500238418579 0.5062500238418579 0.14374999701976776 0.23125000298023224
0 0.7906249761581421 0.26875001192092896 0.16718749701976776 0.21875
0 0.643750011920929 0.44999998807907104 0.1484375 0.22083333134651184
0 0.20156249403953552 0.125 0.1484375 0.22083333134651184
0 0.05624999850988388 0.6270833611488342 0.11093749850988388 0.26875001192092896
0 0.9156249761581421 0.4541666805744171 0.15781250596046448 0.24375000596046448
0 0.5687500238418579 0.699999988079071 0.13437500596046448 0.19583334028720856
0 0.15937499701976776 0.9166666865348816 0.17499999701976776 0.16458334028720856
