0 0.8453124761581421 0.53125 0.2109375 0.22291666269302368
0 0.621874988079071 0.6041666865348816 0.1328125 0.1770833283662796
0 0.692187488079071 0.8041666746139526 0.15781250596046448 0.17916665971279144
0 0.44218748807907104 0.40625 0.15937499701976776 0.1875
0 0.729687511920929 0.09375 0.15937499701976776 0.18541666865348816
0 0.3984375 0.1875 0.15937499701976776 0.1875
0 0.4203124940395355 0.7520833611488342 0.15937499701976776 0.1875
0 0.8734375238418579 0.7354166507720947 0.1640625 0.18958333134651184
0 0.862500011920929 0.9229166507720947 0.15937499701976776 0.15416666865348816
0 0.06718750298023224 0.5583333373069763 0.13124999403953552 0.1666666716337204
