0 0.503125011920929 0.10833333432674408 0.17031249403953552 0.1979166716337204
0 0.831250011920929 0.30416667461395264 0.17031249403953552 0.1979166716337204
0 0.265625 0.8999999761581421 0.17031249403953552 0.1979166716337204
0 0.5843750238418579 0.35624998807907104 0.203125 0.2291666716337204
0 0.6796875 0.21875 0.16718749701976776 0.18333333730697632
0 0.640625 0.09166666865348816 0.17656250298023224 0.18125000596046448
0 0.359375 0.2562499940395355 0.17031249403953552 0.1979166716337204
0 0.3359375 0.3812499940395355 0.16093750298023224 0.23333333432674408
0 0.765625 0.7333333492279053 0.18437500298023224 0.2395833283662796
0 0.7328125238418579 0.9270833134651184 0.17031249403953552 0.1458333283662796
0 0.567187488079071 0.918749988079071 0.19843749701976776 0.16041666269302368
0 0.9437500238418579 0.4541666805744171 0.11249999701976776 0.21041665971279144
0 0.1328125 0.8062499761581421 0.14218750596046448 0.19583334028720856
0 0.17656250298023224 0.4541666805744171 0.16093750298023224 0.27916666865348816
