0 0.7890625 0.4312500059604645 0.15000000596046448 0.18125000596046448
0 0.848437488079071 0.637499988079071 0.1328125 0.1875
0 0.9453125 0.737500011920929 0.109375 0.21458333730697632
0 0.8203125 0.831250011920929 0.16718749701976776 0.19166666269302368
0 0.140625 0.7416666746139526 0.14374999701976776 0.19374999403953552
0 0.12656250596046448 0.9083333611488342 0.17656250298023224 0.1770833283662796
0 0.28437501192092896 0.6958333253860474 0.19218750298023224 0.25
0 0.328125 0.40416666865348816 0.15156249701976776 0.22708334028720856
0 0.09062500298023224 0.09166666865348816 0.12343750149011612 0.17916665971279144
0 0.31718748807907104 0.19166666269302368 0.15781250596046448 0.1875
0 0.4296875 0.9312499761581421 0.13437500596046448 0.1354166716337204
0 0.22343750298023224 0.20416666567325592 0.15156249701976776 0.25
0 0.948437511920929 0.5291666388511658 0.10312499850988388 0.19166666269302368
0 0.42656248807907104 0.5541666746139526 0.15000000596046448 0.18125000596046448
