0 0.503125011920929 0.8999999761581421 0.21562500298023224 0.1979166716337204
0 0.7328125238418579 0.3499999940395355 0.18593749403953552 0.19583334028720856
0 0.9312499761581421 0.4437499940395355 0.13593749701976776 0.19583334028720856
0 0.5328124761581421 0.4937500059604645 0.14374999701976776 0.20000000298023224
0 0.33125001192092896 0.9020833373069763 0.13593749701976776 0.19583334028720856
0 0.4124999940395355 0.6875 0.13124999403953552 0.1770833283662796
0 0.12968750298023224 0.09583333134651184 0.18593749403953552 0.1875
0 0.24687500298023224 0.5833333134651184 0.1484375 0.17916665971279144
0 0.925000011920929 0.6333333253860474 0.1484375 0.17916665971279144
0 0.9390624761581421 0.8208333253860474 0.12187500298023224 0.17916665971279144
0 0.6312500238418579 0.4958333373069763 0.12343750149011612 0.15625
