0 0.5640624761581421 0.24583333730697632 0.19218750298023224 0.21250000596046448
0 0.823437511920929 0.28333333134651184 0.19218750298023224 0.21250000596046448
0 0.8109375238418579 0.40833333134651184 0.19218750298023224 0.21250000596046448
0 0.7421875 0.6291666626930237 0.19062499701976776 0.1770833283662796
0 0.3687500059604645 0.5104166865348816 0.15000000596046448 0.21875
0 0.21250000596046448 0.6000000238418579 0.15000000596046448 0.21875
0 0.11874999850988388 0.2083333283662796 0.15000000596046448 0.21875
0 0.4359374940395355 0.9125000238418579 0.16093750298023224 0.17291666567325592
0 0.39375001192092896 0.3062500059604645 0.15937499701976776 0.18958333134651184
0 0.5249999761581421 0.6854166388511658 0.16718749701976776 0.21041665971279144
0 0.9359375238418579 0.8062499761581421 0.12656250596046448 0.23749999701976776
0 0.08906249701976776 0.856249988079071 0.171875 0.21666666865348816
