0 0.42500001192092896 0.46041667461395264 0.15000000596046448 0.2291666716337204
0 0.3968749940395355 0.7395833134651184 0.15000000596046448 0.2291666716337204
0 0.09062500298023224 0.7145833373069763 0.17812499403953552 0.25
0 0.30156248807907104 0.37291666865348816 0.15156249701976776 0.22291666269302368
0 0.5953124761581421 0.6979166865348816 0.15156249701976776 0.22291666269302368
0 0.06875000149011612 0.4749999940395355 0.13593749701976776 0.1979166716337204
0 0.2734375 0.07083333283662796 0.12812499701976776 0.13958333432674408
0 0.934374988079071 0.4937500059604645 0.13124999403953552 0.24375000596046448
0 0.7953125238418579 0.6520833373069763 0.15156249701976776 0.22291666269302368
0 0.932812511920929 0.1041666641831398 0.1328125 0.20416666567325592
0 0.6859375238418579 0.4479166567325592 0.16093750298023224 0.20624999701976776
0 0.918749988079071 0.8812500238418579 0.16093750298023224 0.20624999701976776
0 0.698437511920929 0.25833332538604736 0.14687499403953552 0.21458333730697632
