0 0.2593750059604645 0.39791667461395264 0.17031249403953552 0.21250000596046448
0 0.19843749701976776 0.20000000298023224 0.15156249701976776 0.21458333730697632
0 0.08749999850988388 0.6458333134651184 0.17343750596046448 0.23333333432674408
0 0.2593750059604645 0.831250011920929 0.17343750596046448 0.22708334028720856
0 0.2796874940395355 0.6458333134651184 0.18437500298023224 0.21875
0 0.453125 0.24791666865348816 0.18281249701976776 0.27916666865348816
0 0.737500011920929 0.3604166805744171 0.18437500298023224 0.21875
0 0.9125000238418579 0.6645833253860474 0.17343750596046448 0.22499999403953552
0 0.09843750298023224 0.1041666641831398 0.1953125 0.20624999701976776
0 0.8890625238418579 0.28125 0.1484375 0.25833332538604736
