0 0.4390625059604645 0.6854166388511658 0.17031249403953552 0.22083333134651184
0 0.5296875238418579 0.2541666626930237 0.17031249403953552 0.22083333134651184
0 0.614062488079071 0.8666666746139526 0.1953125 0.2291666716337204
0 0.932812511920929 0.6499999761581421 0.1328125 0.24791666865348816
0 0.770312488079071 0.7104166746139526 0.14531250298023224 0.21041665971279144
0 0.926562488079071 0.21666666865348816 0.14531250298023224 0.2645833194255829
0 0.8828125 0.3854166567325592 0.14531250298023224 0.21041665971279144
0 0.6000000238418579 0.4854166805744171 0.12031249701976776 0.1875
0 0.625 0.6354166865348816 0.12031249701976776 0.1875
0 0.3499999940395355 0.09375 0.12343750149011612 0.15208333730697632
0 0.16249999403953552 0.11041666567325592 0.15000000596046448 0.15208333730697632
0 0.21250000596046448 0.05833333358168602 0.14531250298023224 0.11249999701976776
0 0.23749999701976776 0.8020833134651184 0.19062499701976776 0.2083333283662796
0 0.817187488079071 0.9270833134651184 0.19374999403953552 0.14374999701976776
0 0.7203124761581421 0.0833333358168602 0.15625 0.16458334028720856
0 0.17343750596046448 0.606249988079071 0.18437500298023224 0.22499999403953552
