0 0.8500000238418579 0.3375000059604645 0.1796875 0.23333333432674408
0 0.846875011920929 0.5687500238418579 0.1796875 0.23333333432674408
0 0.08437500149011612 0.7895833253860474 0.16562500596046448 0.23541666567325592
0 0.778124988079071 0.768750011920929 0.15937499701976776 0.19583334028720856
0 0.4375 0.21458333730697632 0.15937499701976776 0.19583334028720856
0 0.06093750149011612 0.06875000149011612 0.11874999850988388 0.13333334028720856
0 0.5843750238418579 0.6479166746139526 0.15937499701976776 0.16041666269302368
0 0.30156248807907104 0.6291666626930237 0.15937499701976776 0.16041666269302368
0 0.42500001192092896 0.38749998807907104 0.15937499701976776 0.16041666269302368
0 0.6109374761581421 0.08124999701976776 0.15937499701976776 0.15833333134651184
0 0.3687500059604645 0.824999988079071 0.16093750298023224 0.18333333730697632
0 0.19843749701976776 0.3062500059604645 0.16093750298023224 0.18333333730697632
0 0.706250011920929 0.3333333432674408 0.16718749701976776 0.22083333134651184
0 0.65625 0.8687499761581421 0.18437500298023224 0.21666666865348816
0 0.4124999940395355 0.6604166626930237 0.1171875 0.15000000596046448
