0 0.668749988079071 0.49791666865348816 0.14687499403953552 0.20000000298023224
0 0.3109374940395355 0.41458332538604736 0.17343750596046448 0.20624999701976776
0 0.265625 0.5687500238418579 0.17343750596046448 0.24583333730697632
0 0.7265625 0.6312500238418579 0.17343750596046448 0.24583333730697632
0 0.8656250238418579 0.3812499940395355 0.14531250298023224 0.23125000298023224
0 0.754687488079071 0.13750000298023224 0.15781250596046448 0.22708334028720856
0 0.9203125238418579 0.8604166507720947 0.15781250596046448 0.22708334028720856
0 0.925000011920929 0.6458333134651184 0.1484375 0.19583334028720856
0 0.15468749403953552 0.7854166626930237 0.1484375 0.19583334028720856
0 0.5453125238418579 0.13958333432674408 0.18281249701976776 0.1875
0 0.4437499940395355 0.8541666865348816 0.18437500298023224 0.20624999701976776
0 0.692187488079071 0.9166666865348816 0.18437500298023224 0.16458334028720856
0 0.12968750298023224 0.07083333283662796 0.17656250298023224 0.13750000298023224
0 0.918749988079071 0.08124999701976776 0.16249999403953552 0.15833333134651184
0 0.2874999940395355 0.8187500238418579 0.1484375 0.2291666716337204
