0 0.5703125 0.6291666626930237 0.18281249701976776 0.2291666716337204
0 0.7281249761581421 0.21041665971279144 0.203125 0.23749999701976776
0 0.34375 0.22499999403953552 0.18281249701976776 0.2395833283662796
0 0.17656250298023224 0.3187499940395355 0.1796875 0.25
0 0.16875000298023224 0.5249999761581421 0.19062499701976776 0.2541666626930237
0 0.28437501192092896 0.7749999761581421 0.19687500596046448 0.19374999403953552
0 0.44999998807907104 0.4375 0.1875 0.23749999701976776
0 0.34062498807907104 0.5729166865348816 0.20624999701976776 0.21041665971279144
0 0.760937511920929 0.45625001192092896 0.16093750298023224 0.20624999701976776
0 0.559374988079071 0.07708333432674408 0.1953125 0.15000000596046448
0 0.8359375 0.4437499940395355 0.13906249403953552 0.2645833194255829
