0 0.682812511920929 0.6666666865348816 0.17656250298023224 0.19374999403953552
0 0.7718750238418579 0.4479166567325592 0.18593749403953552 0.24583333730697632
0 0.6265624761581421 0.3125 0.16875000298023224 0.22499999403953552
0 0.5218750238418579 0.40833333134651184 0.16249999403953552 0.19374999403953552
0 0.6171875 0.09791667014360428 0.16249999403953552 0.19166666269302368
0 0.640625 0.893750011920929 0.17343750596046448 0.21041665971279144
0 0.4296875 0.9229166507720947 0.171875 0.15208333730697632
0 0.7875000238418579 0.11249999701976776 0.17499999701976776 0.22083333134651184
0 0.926562488079071 0.8083333373069763 0.14531250298023224 0.22499999403953552
0 0.3421874940395355 0.24375000596046448 0.14531250298023224 0.22499999403953552
0 0.15625 0.2645833194255829 0.14531250298023224 0.22499999403953552
0 0.08749999850988388 0.375 0.14531250298023224 0.22499999403953552
