0 0.875 0.19374999403953552 0.17812499403953552 0.22708334028720856
0 0.5874999761581421 0.2291666716337204 0.17812499403953552 0.22708334028720856
0 0.17031249403953552 0.3895833194255829 0.17812499403953552 0.22708334028720856
0 0.29374998807907104 0.768750011920929 0.17812499403953552 0.22708334028720856
0 0.40312498807907104 0.5041666626930237 0.17812499403953552 0.22708334028720856
0 0.453125 0.3708333373069763 0.17812499403953552 0.22708334028720856
0 0.27812498807907104 0.20624999701976776 0.15781250596046448 0.22499999403953552
0 0.47343748807907104 0.8999999761581421 0.16249999403953552 0.19583334028720856
0 0.800000011920929 0.3895833194255829 0.16249999403953552 0.19583334028720856
0 0.9234374761581421 0.4416666626930237 0.15156249701976776 0.22708334028720856
