0 0.4156250059604645 0.6791666746139526 0.16875000298023224 0.21875
0 0.26249998807907104 0.6145833134651184 0.15000000596046448 0.21458333730697632
0 0.453125 0.4333333373069763 0.15000000596046448 0.21458333730697632
0 0.21875 0.3895833194255829 0.17343750596046448 0.22499999403953552
0 0.8812500238418579 0.31458333134651184 0.17343750596046448 0.22499999403953552
0 0.3031249940395355 0.11874999850988388 0.17343750596046448 0.22499999403953552
0 0.7124999761581421 0.3270833194255829 0.20000000298023224 0.23541666567325592
0 0.6234375238418579 0.375 0.2515625059604645 0.18333333730697632
0 0.6734374761581421 0.6208333373069763 0.22187499701976776 0.2083333283662796
0 0.8062499761581421 0.706250011920929 0.17656250298023224 0.22083333134651184
0 0.831250011920929 0.9145833253860474 0.15781250596046448 0.17083333432674408
