0 0.35624998807907104 0.32499998807907104 0.15156249701976776 0.1979166716337204
0 0.17031249403953552 0.4208333194255829 0.13906249403953552 0.21875
0 0.8453124761581421 0.30000001192092896 0.16718749701976776 0.22499999403953552
0 0.723437488079071 0.6395833492279053 0.15000000596046448 0.1875
0 0.9375 0.8166666626930237 0.12343750149011612 0.18125000596046448
0 0.653124988079071 0.45625001192092896 0.15156249701976776 0.1875
0 0.3359375 0.07500000298023224 0.12656250596046448 0.1458333283662796
0 0.6703125238418579 0.78125 0.203125 0.21041665971279144
0 0.06562499701976776 0.39375001192092896 0.12812499701976776 0.26249998807907104
0 0.8578125238418579 0.10208333283662796 0.14687499403953552 0.20000000298023224
0 0.5249999761581421 0.831250011920929 0.15000000596046448 0.1875
0 0.520312488079071 0.38333332538604736 0.15000000596046448 0.1875
0 0.48124998807907104 0.12291666865348816 0.18281249701976776 0.21250000596046448
0 0.6781250238418579 0.2083333283662796 0.1796875 0.24166665971279144
