0 0.707812488079071 0.27291667461395264 0.14687499403953552 0.21875
0 0.778124988079071 0.7291666865348816 0.171875 0.21875
0 0.7578125 0.84375 0.171875 0.21875
0 0.5249999761581421 0.19583334028720856 0.171875 0.21875
0 0.44843751192092896 0.23333333432674408 0.12187500298023224 0.1875
0 0.715624988079071 0.4625000059604645 0.15937499701976776 0.17916665971279144
0 0.8359375 0.4520833194255829 0.15937499701976776 0.17916665971279144
0 0.08124999701976776 0.5541666746139526 0.15937499701976776 0.17916665971279144
0 0.3203125 0.09166666865348816 0.15937499701976776 0.16458334028720856
0 0.9281250238418579 0.0729166641831398 0.140625 0.14166666567325592
0 0.9125000238418579 0.32499998807907104 0.16093750298023224 0.21875
0 0.28125 0.8958333134651184 0.15937499701976776 0.17916665971279144
0 0.4437499940395355 0.887499988079071 0.15781250596046448 0.1875
