0 0.692187488079071 0.2666666805744171 0.18281249701976776 0.2604166567325592
0 0.4906249940395355 0.2395833283662796 0.16562500596046448 0.17499999701976776
0 0.8359375 0.47708332538604736 0.16249999403953552 0.3062500059604645
0 0.671875 0.6666666865348816 0.15625 0.21458333730697632
0 0.21250000596046448 0.08541666716337204 0.17499999701976776 0.1666666716337204
0 0.7562500238418579 0.9270833134651184 0.1171875 0.1458333283662796
0 0.41874998807907104 0.8395833373069763 0.20468750596046448 0.22083333134651184
0 0.565625011920929 0.8020833134651184 0.13750000298023224 0.1979166716337204
0 0.078125 0.4104166626930237 0.15468749403953552 0.23125000298023224
0 0.8687499761581421 0.15833333134651184 0.15625 0.23125000298023224
0 0.942187488079071 0.9083333611488342 0.11562500149011612 0.18333333730697632
