0 0.4593749940395355 0.5687500238418579 0.1640625 0.21458333730697632
0 0.796875 0.1875 0.14374999701976776 0.19583334028720856
0 0.9078124761581421 0.4937500059604645 0.15625 0.21250000596046448
0 0.11406250298023224 0.29374998807907104 0.15781250596046448 0.22291666269302368
0 0.667187511920929 0.5979166626930237 0.15781250596046448 0.22291666269302368
0 0.17031249403953552 0.518750011920929 0.15781250596046448 0.22291666269302368
0 0.5328124761581421 0.08958332985639572 0.16249999403953552 0.1770833283662796
0 0.3187499940395355 0.6604166626930237 0.16249999403953552 0.17916665971279144
0 0.5843750238418579 0.9020833373069763 0.17031249403953552 0.19374999403953552
0 0.4000000059604645 0.9291666746139526 0.20624999701976776 0.14166666567325592
0 0.18281249701976776 0.8791666626930237 0.16562500596046448 0.2395833283662796
