0 0.5874999761581421 0.6041666865348816 0.14218750596046448 0.21250000596046448
0 0.45781248807907104 0.856249988079071 0.16718749701976776 0.20000000298023224
0 0.36406248807907104 0.6833333373069763 0.16718749701976776 0.20000000298023224
0 0.20624999701976776 0.8187500238418579 0.16718749701976776 0.20000000298023224
0 0.078125 0.8416666388511658 0.15312500298023224 0.19374999403953552
0 0.6265624761581421 0.925000011920929 0.14531250298023224 0.14791665971279144
0 0.06875000149011612 0.3270833194255829 0.13593749701976776 0.19374999403953552
0 0.6031249761581421 0.10625000298023224 0.13593749701976776 0.19374999403953552
0 0.9437500238418579 0.3708333373069763 0.11093749850988388 0.18333333730697632
0 0.846875011920929 0.7354166507720947 0.14687499403953552 0.23749999701976776
0 0.7796875238418579 0.512499988079071 0.203125 0.20208333432674408
0 0.33281248807907104 0.20208333432674408 0.14218750596046448 0.21250000596046448
0 0.21406249701976776 0.2291666716337204 0.20156249403953552 0.17916665971279144
0 0.723437488079071 0.31041666865348816 0.20937499403953552 0.26875001192092896
