0 0.21250000596046448 0.6958333253860474 0.15781250596046448 0.21250000596046448
0 0.14531250298023224 0.48124998807907104 0.15781250596046448 0.21250000596046448
0 0.41093748807907104 0.13958333432674408 0.15781250596046448 0.21250000596046448
0 0.20937499403953552 0.19374999403953552 0.15781250596046448 0.21250000596046448
0 0.921875 0.40625 0.15468749403953552 0.2395833283662796
0 0.921875 0.8208333253860474 0.15468749403953552 0.2395833283662796
0 0.7828124761581421 0.15625 0.15468749403953552 0.2395833283662796
0 0.8984375 0.16249999403953552 0.18906250596046448 0.25833332538604736
0 0.36406248807907104 0.4625000059604645 0.15312500298023224 0.1979166716337204
0 0.4046874940395355 0.6520833373069763 0.15312500298023224 0.1979166716337204
0 0.7515624761581421 0.800000011920929 0.1640625 0.21458333730697632
0 0.4749999940395355 0.3499999940395355 0.12343750149011612 0.22708334028720856
