0 0.359375 0.11874999850988388 0.15312500298023224 0.22083333134651184
0 0.2562499940395355 0.4333333373069763 0.15312500298023224 0.22083333134651184
0 0.4390625059604645 0.7124999761581421 0.15312500298023224 0.22083333134651184
0 0.21562500298023224 0.8500000238418579 0.1796875 0.21458333730697632
0 0.09375 0.49166667461395264 0.17031249403953552 0.17916665971279144
0 0.8031250238418579 0.3395833373069763 0.17499999701976776 0.21666666865348816
0 0.862500011920929 0.49791666865348816 0.1484375 0.18541666865348816
0 0.5546875 0.5354166626930237 0.19062499701976776 0.2645833194255829
0 0.590624988079071 0.8374999761581421 0.15937499701976776 0.20208333432674408
0 0.7406250238418579 0.6854166388511658 0.15937499701976776 0.20208333432674408
0 0.543749988079071 0.28958332538604736 0.16249999403953552 0.2395833283662796
0 0.2421875 0.2395833283662796 0.16562500596046448 0.19166666269302368
0 0.08281250298023224 0.36250001192092896 0.1640625 0.19166666269302368
0 0.35468751192092896 0.8458333611488342 0.14374999701976776 0.1979166716337204
