0 0.4906249940395355 0.7770833373069763 0.17343750596046448 0.23333333432674408
0 0.2562499940395355 0.8291666507720947 0.21718749403953552 0.23125000298023224
0 0.4937500059604645 0.21458333730697632 0.17812499403953552 0.19374999403953552
0 0.9359375238418579 0.09166666865348816 0.12656250596046448 0.17916665971279144
0 0.760937511920929 0.12083332985639572 0.16875000298023224 0.23749999701976776
0 0.9312499761581421 0.3791666626930237 0.13593749701976776 0.28125
0 0.7640625238418579 0.699999988079071 0.13593749701976776 0.28125
0 0.6796875 0.4000000059604645 0.13593749701976776 0.28125
0 0.09375 0.28333333134651184 0.18437500298023224 0.2666666805744171
0 0.9125000238418579 0.6958333253860474 0.17343750596046448 0.23333333432674408
