0 0.43281251192092896 0.3062500059604645 0.15781250596046448 0.25833332538604736
0 0.4296875 0.3020833432674408 0.15781250596046448 0.25833332538604736
0 0.6499999761581421 0.10000000149011612 0.15625 0.1979166716337204
0 0.614062488079071 0.38333332538604736 0.15625 0.20000000298023224
0 0.3531250059604645 0.5062500238418579 0.1875 0.20000000298023224
0 0.24843749403953552 0.7437499761581421 0.19218750298023224 0.25208333134651184
0 0.776562511920929 0.2979166805744171 0.19218750298023224 0.25208333134651184
0 0.796875 0.7041666507720947 0.16562500596046448 0.23125000298023224
0 0.9312499761581421 0.7958333492279053 0.13750000298023224 0.19374999403953552
0 0.07343749701976776 0.6458333134651184 0.14531250298023224 0.25208333134651184
