0 0.453125 0.6479166746139526 0.16093750298023224 0.19166666269302368
0 0.3421874940395355 0.09583333134651184 0.16093750298023224 0.18958333134651184
0 0.667187511920929 0.32499998807907104 0.16249999403953552 0.22708334028720856
0 0.8734375238418579 0.3645833432674408 0.19218750298023224 0.2541666626930237
0 0.39531248807907104 0.2958333194255829 0.17499999701976776 0.21041665971279144
0 0.08906249701976776 0.2604166567325592 0.17031249403953552 0.20624999701976776
0 0.6343749761581421 0.5562499761581421 0.15781250596046448 0.23749999701976776
0 0.2109375 0.46875 0.17812499403953552 0.25833332538604736
0 0.8203125 0.7833333611488342 0.1796875 0.24583333730697632
0 0.24531249701976776 0.9041666388511658 0.16093750298023224 0.19166666269302368
