0 0.20468750596046448 0.7250000238418579 0.13906249403953552 0.20000000298023224
0 0.557812511920929 0.48124998807907104 0.18281249701976776 0.21458333730697632
0 0.9312499761581421 0.5729166865348816 0.13593749701976776 0.19374999403953552
0 0.8765624761581421 0.4020833373069763 0.16249999403953552 0.21458333730697632
0 0.862500011920929 0.10625000298023224 0.16562500596046448 0.2083333283662796
0 0.7906249761581421 0.23333333432674408 0.16562500596046448 0.21041665971279144
0 0.917187511920929 0.22499999403953552 0.16562500596046448 0.21041665971279144
0 0.7281249761581421 0.6041666865348816 0.18281249701976776 0.21458333730697632
0 0.582812488079071 0.8854166865348816 0.13906249403953552 0.19583334028720856
0 0.839062511920929 0.9145833253860474 0.14531250298023224 0.17083333432674408
0 0.706250011920929 0.9145833253860474 0.14531250298023224 0.17083333432674408
0 0.08124999701976776 0.9145833253860474 0.14531250298023224 0.17083333432674408
0 0.30156248807907104 0.15833333134651184 0.12968750298023224 0.22083333134651184
