0 0.4156250059604645 0.856249988079071 0.15625 0.21875
0 0.19843749701976776 0.7875000238418579 0.15625 0.21875
0 0.921875 0.84375 0.15625 0.21875
0 0.7171875238418579 0.8395833373069763 0.16875000298023224 0.22291666269302368
0 0.31562501192092896 0.25833332538604736 0.1328125 0.21875
0 0.07343749701976776 0.8062499761581421 0.1328125 0.21875
0 0.921875 0.19583334028720856 0.15625 0.2291666716337204
0 0.692187488079071 0.11874999850988388 0.18906250596046448 0.23333333432674408
0 0.09062500298023224 0.2604166567325592 0.15468749403953552 0.17916665971279144
0 0.18125000596046448 0.581250011920929 0.15156249701976776 0.27916666865348816
0 0.33906251192092896 0.48124998807907104 0.14531250298023224 0.21041665971279144
