0 0.24062499403953552 0.8291666507720947 0.17031249403953552 0.24791666865348816
0 0.660937488079071 0.41458332538604736 0.17031249403953552 0.24791666865348816
0 0.895312488079071 0.33125001192092896 0.13906249403953552 0.20000000298023224
0 0.6812499761581421 0.10833333432674408 0.13906249403953552 0.20000000298023224
0 0.5296875238418579 0.4520833194255829 0.17031249403953552 0.20416666567325592
0 0.109375 0.6708333492279053 0.17031249403953552 0.20416666567325592
0 0.07656250149011612 0.3187499940395355 0.15000000596046448 0.1979166716337204
0 0.1953125 0.3062500059604645 0.15312500298023224 0.1979166716337204
0 0.41093748807907104 0.12291666865348816 0.17031249403953552 0.24166665971279144
0 0.3343749940395355 0.3333333432674408 0.17031249403953552 0.20416666567325592
0 0.6578124761581421 0.4104166626930237 0.17031249403953552 0.24791666865348816
0 0.3265624940395355 0.5895833373069763 0.20468750596046448 0.16458334028720856
0 0.8109375238418579 0.875 0.17343750596046448 0.19583334028720856
