0 0.296875 0.8374999761581421 0.16562500596046448 0.21041665971279144
0 0.41874998807907104 0.5666666626930237 0.15937499701976776 0.24375000596046448
0 0.515625 0.32083332538604736 0.15781250596046448 0.20624999701976776
0 0.7046874761581421 0.26875001192092896 0.17031249403953552 0.19583334028720856
0 0.848437488079071 0.12083332985639572 0.18593749403953552 0.23333333432674408
0 0.9203125238418579 0.8145833611488342 0.15937499701976776 0.21458333730697632
0 0.17656250298023224 0.6395833492279053 0.20468750596046448 0.2645833194255829
0 0.09062500298023224 0.4937500059604645 0.1796875 0.24583333730697632
0 0.7109375 0.8125 0.17812499403953552 0.2291666716337204
0 0.5531250238418579 0.15833333134651184 0.17812499403953552 0.2291666716337204
0 0.07187499850988388 0.7749999761581421 0.140625 0.22708334028720856
