0 0.3125 0.8166666626930237 0.203125 0.2541666626930237
0 0.6937500238418579 0.37291666865348816 0.203125 0.2541666626930237
0 0.8765624761581421 0.28125 0.203125 0.2541666626930237
0 0.918749988079071 0.5625 0.16093750298023224 0.21666666865348816
0 0.8734375238418579 0.7875000238418579 0.17031249403953552 0.23333333432674408
0 0.7093750238418579 0.8729166388511658 0.17031249403953552 0.23333333432674408
0 0.53125 0.8770833611488342 0.17031249403953552 0.23333333432674408
0 0.510937511920929 0.6895833611488342 0.21718749403953552 0.2083333283662796
0 0.09375 0.4166666567325592 0.18437500298023224 0.2541666626930237
0 0.2671875059604645 0.5958333611488342 0.1875 0.18958333134651184
0 0.5390625 0.14791665971279144 0.14687499403953552 0.21250000596046448
0 0.10781250149011612 0.21875 0.18281249701976776 0.22291666269302368
0 0.3765625059604645 0.08124999701976776 0.15781250596046448 0.16041666269302368
0 0.7250000238418579 0.08124999701976776 0.15781250596046448 0.16041666269302368
