0 0.10000000149011612 0.6833333373069763 0.15781250596046448 0.22083333134651184
0 0.07968749850988388 0.8895833492279053 0.15625 0.22083333134651184
0 0.614062488079071 0.8729166388511658 0.15781250596046448 0.22083333134651184
0 0.5296875238418579 0.9020833373069763 0.140625 0.19583334028720856
0 0.590624988079071 0.6145833134651184 0.140625 0.19583334028720856
0 0.375 0.13958333432674408 0.13124999403953552 0.2750000059604645
0 0.7875000238418579 0.41458332538604736 0.13750000298023224 0.22291666269302368
0 0.8421875238418579 0.4124999940395355 0.13750000298023224 0.22291666269302368
0 0.9234374761581421 0.43541666865348816 0.15156249701976776 0.21250000596046448
0 0.8984375 0.6645833253860474 0.171875 0.21666666865348816
0 0.5531250238418579 0.46666666865348816 0.13906249403953552 0.17291666567325592
0 0.9156249761581421 0.07708333432674408 0.16718749701976776 0.15208333730697632
