0 0.668749988079071 0.6187499761581421 0.17031249403953552 0.21041665971279144
0 0.762499988079071 0.8916666507720947 0.17031249403953552 0.21041665971279144
0 0.692187488079071 0.8916666507720947 0.17031249403953552 0.21041665971279144
0 0.515625 0.9104166626930237 0.17499999701976776 0.1770833283662796
0 0.5390625 0.3916666805744171 0.15937499701976776 0.1770833283662796
0 0.793749988079071 0.24583333730697632 0.21250000596046448 0.22083333134651184
0 0.8203125 0.4124999940395355 0.15781250596046448 0.2708333432674408
0 0.13906249403953552 0.40833333134651184 0.15312500298023224 0.1770833283662796
0 0.2421875 0.831250011920929 0.16875000298023224 0.21666666865348816
0 0.528124988079071 0.13958333432674408 0.16875000298023224 0.21666666865348816
0 0.09843750298023224 0.20208333432674408 0.14374999701976776 0.2083333283662796
0 0.9468749761581421 0.887499988079071 0.10625000298023224 0.20624999701976776
0 0.07500000298023224 0.7729166746139526 0.14687499403953552 0.20624999701976776
