0 0.4593749940395355 0.38333332538604736 0.17343750596046448 0.19166666269302368
0 0.643750011920929 0.4375 0.20000000298023224 0.2604166567325592
0 0.875 0.2708333432674408 0.14374999701976776 0.18958333134651184
0 0.44843751192092896 0.17291666567325592 0.14374999701976776 0.18958333134651184
0 0.17812499403953552 0.7583333253860474 0.14374999701976776 0.18958333134651184
0 0.328125 0.8999999761581421 0.14374999701976776 0.18958333134651184
0 0.582812488079071 0.6979166865348816 0.14374999701976776 0.18958333134651184
0 0.5015624761581421 0.9041666388511658 0.14374999701976776 0.18958333134651184
0 0.4234375059604645 0.7020833492279053 0.14374999701976776 0.21041665971279144
0 0.9203125238418579 0.6104166507720947 0.14374999701976776 0.21041665971279144
0 0.2562499940395355 0.16249999403953552 0.14374999701976776 0.18958333134651184
0 0.08124999701976776 0.09375 0.16093750298023224 0.18541666865348816
0 0.0703125 0.3187499940395355 0.13906249403953552 0.2750000059604645
