0 0.4453125 0.5916666388511658 0.17656250298023224 0.19166666269302368
0 0.328125 0.41874998807907104 0.18125000596046448 0.23125000298023224
0 0.32499998807907104 0.41458332538604736 0.18125000596046448 0.23125000298023224
0 0.19374999403953552 0.5166666507720947 0.17031249403953552 0.21458333730697632
0 0.0859375 0.08541666716337204 0.15000000596046448 0.16875000298023224
0 0.8140624761581421 0.15416666865348816 0.16249999403953552 0.19374999403953552
0 0.8515625 0.3895833194255829 0.15937499701976776 0.2083333283662796
0 0.10781250149011612 0.7291666865348816 0.13124999403953552 0.1875
0 0.13593749701976776 0.3125 0.13124999403953552 0.1875
0 0.11562500149011612 0.49166667461395264 0.13124999403953552 0.1875
0 0.581250011920929 0.6541666388511658 0.10312499850988388 0.21875
0 0.6468750238418579 0.21250000596046448 0.14374999701976776 0.18125000596046448
0 0.7265625 0.3812499940395355 0.15781250596046448 0.17916665971279144
0 0.6156250238418579 0.9270833134651184 0.15781250596046448 0.13958333432674408
0 0.2953124940395355 0.6229166388511658 0.140625 0.20416666567325592
