0 0.635937511920929 0.10625000298023224 0.17031249403953552 0.2083333283662796
0 0.5453125238418579 0.34583333134651184 0.16562500596046448 0.2854166626930237
0 0.567187488079071 0.6729166507720947 0.18906250596046448 0.24583333730697632
0 0.171875 0.2666666805744171 0.19062499701976776 0.2770833373069763
0 0.39375001192092896 0.14374999701976776 0.14687499403953552 0.20000000298023224
0 0.9390624761581421 0.08958332985639572 0.12187500298023224 0.1770833283662796
0 0.36250001192092896 0.4749999940395355 0.18593749403953552 0.23749999701976776
0 0.921875 0.6541666388511658 0.15625 0.18958333134651184
0 0.895312488079071 0.8125 0.18593749403953552 0.20208333432674408
0 0.535937488079071 0.8999999761581421 0.12343750149011612 0.20000000298023224
0 0.948437511920929 0.4541666805744171 0.10312499850988388 0.25
0 0.0546875 0.824999988079071 0.10625000298023224 0.24583333730697632
0 0.0546875 0.3708333373069763 0.10781250149011612 0.19166666269302368
0 0.47343748807907104 0.12291666865348816 0.14687499403953552 0.20000000298023224
