0 0.84375 0.862500011920929 0.18906250596046448 0.2395833283662796
0 0.671875 0.5395833253860474 0.18906250596046448 0.2395833283662796
0 0.6578124761581421 0.34375 0.140625 0.17083333432674408
0 0.16718749701976776 0.4520833194255829 0.10000000149011612 0.23749999701976776
0 0.20781250298023224 0.6291666626930237 0.15156249701976776 0.18541666865348816
0 0.17812499403953552 0.0833333358168602 0.1328125 0.16249999403953552
0 0.41874998807907104 0.13124999403953552 0.1484375 0.18541666865348816
0 0.510937511920929 0.21041665971279144 0.1953125 0.2083333283662796
0 0.7875000238418579 0.25 0.140625 0.17083333432674408
0 0.5218750238418579 0.737500011920929 0.25312501192092896 0.13958333432674408
0 0.453125 0.78125 0.15781250596046448 0.19374999403953552
