0 0.643750011920929 0.6354166865348816 0.19843749701976776 0.23541666567325592
0 0.4828124940395355 0.706250011920929 0.16875000298023224 0.2604166567325592
0 0.33281248807907104 0.7458333373069763 0.15781250596046448 0.17083333432674408
0 0.29218751192092896 0.8145833611488342 0.171875 0.1770833283662796
0 0.07500000298023224 0.887499988079071 0.1484375 0.2083333283662796
0 0.1953125 0.2874999940395355 0.125 0.20000000298023224
0 0.90625 0.4166666567325592 0.15156249701976776 0.22083333134651184
0 0.776562511920929 0.8604166507720947 0.1640625 0.20624999701976776
0 0.768750011920929 0.22083333134651184 0.17343750596046448 0.21875
0 0.5453125238418579 0.20208333432674408 0.14374999701976776 0.18333333730697632
0 0.4671874940395355 0.15625 0.140625 0.19583334028720856
