0 0.4203124940395355 0.6854166388511658 0.20624999701976776 0.26249998807907104
0 0.8109375238418579 0.6166666746139526 0.13124999403953552 0.17916665971279144
0 0.668749988079071 0.6979166865348816 0.16562500596046448 0.1875
0 0.6875 0.4000000059604645 0.15000000596046448 0.1666666716337204
0 0.518750011920929 0.4625000059604645 0.171875 0.18333333730697632
0 0.3578124940395355 0.2541666626930237 0.14374999701976776 0.19374999403953552
0 0.18437500298023224 0.21458333730697632 0.16875000298023224 0.23125000298023224
0 0.5390625 0.1458333283662796 0.18437500298023224 0.21250000596046448
0 0.793749988079071 0.21875 0.17656250298023224 0.22499999403953552
0 0.20000000298023224 0.6770833134651184 0.15625 0.19166666269302368
0 0.14687499403953552 0.4645833373069763 0.16875000298023224 0.2395833283662796
0 0.5609375238418579 0.875 0.17031249403953552 0.22291666269302368
