0 0.676562488079071 0.43541666865348816 0.140625 0.21875
0 0.4984374940395355 0.8999999761581421 0.16718749701976776 0.1979166716337204
0 0.643750011920929 0.8541666865348816 0.16718749701976776 0.1979166716337204
0 0.573437511920929 0.6812499761581421 0.19062499701976776 0.22083333134651184
0 0.18281249701976776 0.7270833253860474 0.19062499701976776 0.22083333134651184
0 0.23749999701976776 0.4729166626930237 0.15000000596046448 0.21458333730697632
0 0.703125 0.13124999403953552 0.20000000298023224 0.24583333730697632
0 0.7734375 0.9041666388511658 0.14374999701976776 0.18958333134651184
0 0.7328125238418579 0.6416666507720947 0.13750000298023224 0.23333333432674408
0 0.4375 0.07500000298023224 0.15781250596046448 0.14791665971279144
