0 0.6109374761581421 0.6312500238418579 0.21562500298023224 0.22291666269302368
0 0.09375 0.6000000238418579 0.18437500298023224 0.22499999403953552
0 0.13124999403953552 0.3395833373069763 0.18125000596046448 0.23749999701976776
0 0.09218750149011612 0.09791667014360428 0.171875 0.19166666269302368
0 0.3265624940395355 0.3125 0.171875 0.19374999403953552
0 0.2874999940395355 0.5208333134651184 0.1640625 0.19374999403953552
0 0.48750001192092896 0.41874998807907104 0.13750000298023224 0.26875001192092896
0 0.5140625238418579 0.8895833492279053 0.16249999403953552 0.2083333283662796
0 0.21875 0.8229166865348816 0.1953125 0.22708334028720856
0 0.918749988079071 0.5375000238418579 0.16093750298023224 0.23541666567325592
0 0.918749988079071 0.3166666626930237 0.16093750298023224 0.23333333432674408
0 0.7406250238418579 0.7645833492279053 0.16093750298023224 0.23333333432674408
0 0.4203124940395355 0.668749988079071 0.16093750298023224 0.23333333432674408
0 0.878125011920929 0.0625 0.19374999403953552 0.12291666865348816
