0 0.3687500059604645 0.3479166626930237 0.15625 0.26249998807907104
0 0.918749988079071 0.39791667461395264 0.15000000596046448 0.23333333432674408
0 0.8421875238418579 0.16041666269302368 0.17812499403953552 0.22291666269302368
0 0.815625011920929 0.5625 0.13437500596046448 0.1875
0 0.4906249940395355 0.4937500059604645 0.13437500596046448 0.1875
0 0.5171874761581421 0.28125 0.15156249701976776 0.18958333134651184
0 0.1015625 0.2645833194255829 0.15156249701976776 0.18958333134651184
0 0.11249999701976776 0.39791667461395264 0.15937499701976776 0.21875
0 0.09687499701976776 0.7708333134651184 0.15937499701976776 0.21875
0 0.9281250238418579 0.8041666746139526 0.14374999701976776 0.21875
0 0.14374999701976776 0.08958332985639572 0.17031249403953552 0.17499999701976776
0 0.671875 0.14791665971279144 0.15156249701976776 0.18958333134651184
0 0.33125001192092896 0.6208333373069763 0.1640625 0.1666666716337204
