0 0.10468749701976776 0.518750011920929 0.16093750298023224 0.22499999403953552
0 0.21718749403953552 0.7416666746139526 0.20000000298023224 0.23333333432674408
0 0.8921874761581421 0.3333333432674408 0.171875 0.21875
0 0.6578124761581421 0.34375 0.15000000596046448 0.25
0 0.36406248807907104 0.5395833253860474 0.1953125 0.22708334028720856
0 0.6734374761581421 0.7708333134651184 0.15000000596046448 0.25
0 0.512499988079071 0.7854166626930237 0.15468749403953552 0.2708333432674408
0 0.7796875238418579 0.09583333134651184 0.1640625 0.1875
0 0.3812499940395355 0.9270833134651184 0.13750000298023224 0.14374999701976776
0 0.6312500238418579 0.08749999850988388 0.15468749403953552 0.17291666567325592
0 0.1015625 0.06875000149011612 0.1796875 0.13333334028720856
0 0.953125 0.5854166746139526 0.09375 0.20624999701976776
0 0.06562499701976776 0.8979166746139526 0.12812499701976776 0.20208333432674408
