0 0.22968749701976776 0.6833333373069763 0.15937499701976776 0.20416666567325592
0 0.30937498807907104 0.11249999701976776 0.17343750596046448 0.22291666269302368
0 0.4625000059604645 0.08749999850988388 0.17343750596046448 0.17291666567325592
0 0.6703125238418579 0.08124999701976776 0.17812499403953552 0.15833333134651184
0 0.09687499701976776 0.4270833432674408 0.1484375 0.1770833283662796
0 0.6421874761581421 0.7250000238418579 0.15468749403953552 0.2083333283662796
0 0.4921875 0.7708333134651184 0.15468749403953552 0.2083333283662796
0 0.11093749850988388 0.9104166626930237 0.13750000298023224 0.17916665971279144
0 0.37812501192092896 0.4645833373069763 0.20468750596046448 0.26249998807907104
0 0.5953124761581421 0.9104166626930237 0.15312500298023224 0.1770833283662796
0 0.703125 0.9104166626930237 0.15312500298023224 0.1770833283662796
0 0.7578125 0.5562499761581421 0.15312500298023224 0.1770833283662796
0 0.875 0.0729166641831398 0.21250000596046448 0.14374999701976776
