0 0.53125 0.7166666388511658 0.16718749701976776 0.21250000596046448
0 0.40312498807907104 0.6729166507720947 0.13750000298023224 0.17499999701976776
0 0.13593749701976776 0.23125000298023224 0.13593749701976776 0.25833332538604736
0 0.8984375 0.3604166805744171 0.16718749701976776 0.21250000596046448
0 0.3359375 0.4479166567325592 0.17031249403953552 0.21666666865348816
0 0.4593749940395355 0.45625001192092896 0.15156249701976776 0.20208333432674408
0 0.5531250238418579 0.46666666865348816 0.15468749403953552 0.19166666269302368
0 0.32343751192092896 0.8666666746139526 0.15468749403953552 0.19166666269302368
0 0.0546875 0.5104166865348816 0.10781250149011612 0.21041665971279144
0 0.28593748807907104 0.6770833134651184 0.15468749403953552 0.19166666269302368
0 0.7562500238418579 0.35624998807907104 0.14687499403953552 0.21666666865348816
0 0.807812511920929 0.606249988079071 0.18437500298023224 0.22708334028720856
0 0.746874988079071 0.8020833134651184 0.18437500298023224 0.22708334028720856
