0 0.4906249940395355 0.4124999940395355 0.16249999403953552 0.19583334028720856
0 0.3453125059604645 0.1458333283662796 0.16249999403953552 0.19583334028720856
0 0.84375 0.4437499940395355 0.13750000298023224 0.1458333283662796
0 0.9156249761581421 0.7020833492279053 0.16718749701976776 0.21666666865348816
0 0.21562500298023224 0.8416666388511658 0.17031249403953552 0.15833333134651184
0 0.08437500149011612 0.2604166567325592 0.13906249403953552 0.24583333730697632
0 0.6640625 0.43541666865348816 0.1875 0.24375000596046448
0 0.5484374761581421 0.6604166626930237 0.1640625 0.21666666865348816
0 0.9468749761581421 0.0729166641831398 0.10468749701976776 0.14374999701976776
0 0.6640625 0.9041666388511658 0.15000000596046448 0.17291666567325592
0 0.08749999850988388 0.7645833492279053 0.14218750596046448 0.17916665971279144
