0 0.6468750238418579 0.4749999940395355 0.17031249403953552 0.24166665971279144
0 0.667187511920929 0.1145833358168602 0.16249999403953552 0.22708334028720856
0 0.46875 0.46875 0.19218750298023224 0.2874999940395355
0 0.8265625238418579 0.49166667461395264 0.16093750298023224 0.20000000298023224
0 0.7734375 0.27916666865348816 0.14374999701976776 0.20208333432674408
0 0.3062500059604645 0.1458333283662796 0.15625 0.19374999403953552
0 0.17031249403953552 0.6458333134651184 0.18125000596046448 0.18125000596046448
0 0.33281248807907104 0.5687500238418579 0.13906249403953552 0.16249999403953552
0 0.3421874940395355 0.706250011920929 0.140625 0.23541666567325592
0 0.9468749761581421 0.5562499761581421 0.10468749701976776 0.2874999940395355
0 0.234375 0.3645833432674408 0.1796875 0.2604166567325592
