0 0.6000000238418579 0.25833332538604736 0.140625 0.17291666567325592
0 0.512499988079071 0.1770833283662796 0.14218750596046448 0.18125000596046448
0 0.5218750238418579 0.48750001192092896 0.15312500298023224 0.22083333134651184
0 0.3687500059604645 0.5479166507720947 0.15312500298023224 0.19374999403953552
0 0.7124999761581421 0.46666666865348816 0.17343750596046448 0.22708334028720856
0 0.862500011920929 0.5770833492279053 0.17656250298023224 0.24375000596046448
0 0.7640625238418579 0.6625000238418579 0.15937499701976776 0.23749999701976776
0 0.9078124761581421 0.32499998807907104 0.15937499701976776 0.23749999701976776
0 0.17656250298023224 0.5708333253860474 0.15937499701976776 0.23749999701976776
0 0.06093750149011612 0.4375 0.11874999850988388 0.23333333432674408
0 0.3375000059604645 0.3229166567325592 0.17499999701976776 0.23333333432674408
0 0.6187499761581421 0.06041666492819786 0.1640625 0.11874999850988388
0 0.7875000238418579 0.06041666492819786 0.1640625 0.11874999850988388
0 0.359375 0.9458333253860474 0.14218750596046448 0.10625000298023224
