0 0.19687500596046448 0.7333333492279053 0.1640625 0.21458333730697632
0 0.37968748807907104 0.7645833492279053 0.12343750149011612 0.1458333283662796
0 0.0546875 0.6541666388511658 0.10625000298023224 0.2291666716337204
0 0.4078125059604645 0.36250001192092896 0.14531250298023224 0.16875000298023224
0 0.653124988079071 0.08749999850988388 0.16875000298023224 0.17083333432674408
0 0.24843749403953552 0.2708333432674408 0.15937499701976776 0.22291666269302368
0 0.8453124761581421 0.10000000149011612 0.21562500298023224 0.19583334028720856
0 0.8687499761581421 0.8541666865348816 0.15625 0.21458333730697632
0 0.9359375238418579 0.5791666507720947 0.12812499701976776 0.25833332538604736
0 0.4203124940395355 0.9208333492279053 0.13750000298023224 0.15833333134651184
0 0.9156249761581421 0.3333333432674408 0.16875000298023224 0.21875
0 0.3109374940395355 0.10208333283662796 0.1953125 0.20208333432674408
0 0.660937488079071 0.8270833492279053 0.1953125 0.20416666567325592
