0 0.3671875 0.34583333134651184 0.16093750298023224 0.2541666626930237
0 0.203125 0.30000001192092896 0.17343750596046448 0.24791666865348816
0 0.5453125238418579 0.550000011920929 0.18125000596046448 0.2874999940395355
0 0.8656250238418579 0.7604166865348816 0.17031249403953552 0.21666666865348816
0 0.49531251192092896 0.21666666865348816 0.15156249701976776 0.21041665971279144
0 0.2734375 0.07500000298023224 0.14687499403953552 0.14791665971279144
0 0.823437511920929 0.4625000059604645 0.15156249701976776 0.21041665971279144
0 0.885937511920929 0.1770833283662796 0.18437500298023224 0.2395833283662796
0 0.0703125 0.46666666865348816 0.13906249403953552 0.22708334028720856
0 0.715624988079071 0.768750011920929 0.13437500596046448 0.1979166716337204
0 0.6796875 0.30416667461395264 0.15156249701976776 0.21041665971279144
