0 0.7828124761581421 0.8291666507720947 0.19218750298023224 0.21458333730697632
0 0.5171874761581421 0.4541666805744171 0.17812499403953552 0.16458334028720856
0 0.609375 0.6520833373069763 0.15781250596046448 0.21875
0 0.659375011920929 0.32499998807907104 0.18125000596046448 0.22291666269302368
0 0.6796875 0.09583333134651184 0.1796875 0.1875
0 0.14374999701976776 0.8854166865348816 0.1875 0.22708334028720856
0 0.08749999850988388 0.6729166507720947 0.15625 0.19583334028720856
0 0.10625000298023224 0.18958333134651184 0.19374999403953552 0.2083333283662796
0 0.23749999701976776 0.07500000298023224 0.17031249403953552 0.14791665971279144
0 0.4078125059604645 0.07500000298023224 0.17031249403953552 0.14791665971279144
0 0.8687499761581421 0.2645833194255829 0.16562500596046448 0.21875
0 0.5796874761581421 0.7354166507720947 0.16562500596046448 0.21875
0 0.34687501192092896 0.8062499761581421 0.15937499701976776 0.1770833283662796
0 0.37968748807907104 0.22499999403953552 0.1953125 0.2541666626930237
0 0.9375 0.3812499940395355 0.125 0.20208333432674408
0 0.07656250149011612 0.375 0.15000000596046448 0.19374999403953552
