0 0.5765625238418579 0.768750011920929 0.171875 0.22083333134651184
0 0.762499988079071 0.7229166626930237 0.19843749701976776 0.23125000298023224
0 0.739062488079071 0.9166666865348816 0.20624999701976776 0.1666666716337204
0 0.551562488079071 0.4749999940395355 0.20156249403953552 0.22708334028720856
0 0.31718748807907104 0.23749999701976776 0.20156249403953552 0.22708334028720856
0 0.4906249940395355 0.20624999701976776 0.15312500298023224 0.2083333283662796
0 0.6109374761581421 0.27916666865348816 0.15781250596046448 0.19166666269302368
0 0.9234374761581421 0.10833333432674408 0.15156249701976776 0.21458333730697632
0 0.9234374761581421 0.3541666567325592 0.15156249701976776 0.21666666865348816
0 0.793749988079071 0.4958333373069763 0.17343750596046448 0.24583333730697632
0 0.34687501192092896 0.9020833373069763 0.17343750596046448 0.19583334028720856
0 0.23125000298023224 0.7583333253860474 0.17499999701976776 0.23125000298023224
0 0.22187499701976776 0.5354166626930237 0.17499999701976776 0.23125000298023224
