0 0.265625 0.8041666746139526 0.17343750596046448 0.17083333432674408
0 0.08749999850988388 0.7479166388511658 0.17343750596046448 0.17083333432674408
0 0.4749999940395355 0.887499988079071 0.12343750149011612 0.20624999701976776
0 0.10781250149011612 0.29374998807907104 0.18906250596046448 0.21875
0 0.22499999403953552 0.4541666805744171 0.18906250596046448 0.21875
0 0.8734375238418579 0.46666666865348816 0.18906250596046448 0.21875
0 0.7671874761581421 0.43958333134651184 0.18906250596046448 0.21875
0 0.5234375 0.5062500238418579 0.15156249701976776 0.16875000298023224
0 0.14531250298023224 0.09791667014360428 0.19062499701976776 0.19374999403953552
0 0.893750011920929 0.25 0.12812499701976776 0.21666666865348816
0 0.917187511920929 0.8187500238418579 0.16093750298023224 0.2562499940395355
0 0.684374988079071 0.925000011920929 0.15625 0.15000000596046448
