0 0.1171875 0.5583333373069763 0.15312500298023224 0.21250000596046448
0 0.28125 0.574999988079071 0.15312500298023224 0.21250000596046448
0 0.17656250298023224 0.34583333134651184 0.15312500298023224 0.21250000596046448
0 0.06406249850988388 0.3395833373069763 0.12656250596046448 0.2083333283662796
0 0.48750001192092896 0.4625000059604645 0.1484375 0.20416666567325592
0 0.3578124940395355 0.36666667461395264 0.19687500596046448 0.18958333134651184
0 0.30781251192092896 0.2083333283662796 0.18437500298023224 0.15208333730697632
0 0.14374999701976776 0.08541666716337204 0.18125000596046448 0.1666666716337204
0 0.823437511920929 0.22499999403953552 0.203125 0.22499999403953552
0 0.637499988079071 0.07708333432674408 0.19687500596046448 0.15208333730697632
0 0.46562498807907104 0.2541666626930237 0.15781250596046448 0.21250000596046448
0 0.737500011920929 0.5 0.16249999403953552 0.24583333730697632
0 0.828125 0.4541666805744171 0.16249999403953552 0.21250000596046448
0 0.18437500298023224 0.875 0.15312500298023224 0.21250000596046448
0 0.6640625 0.7166666388511658 0.15312500298023224 0.21250000596046448
