0 0.3734374940395355 0.6604166626930237 0.20624999701976776 0.17916665971279144
0 0.2718749940395355 0.856249988079071 0.19374999403953552 0.25833332538604736
0 0.265625 0.28958332538604736 0.19374999403953552 0.25833332538604736
0 0.5640624761581421 0.3125 0.19218750298023224 0.23749999701976776
0 0.6468750238418579 0.10625000298023224 0.20000000298023224 0.2083333283662796
0 0.542187511920929 0.5354166626930237 0.17499999701976776 0.23541666567325592
0 0.6031249761581421 0.7979166507720947 0.21562500298023224 0.25833332538604736
0 0.7828124761581421 0.2854166626930237 0.20937499403953552 0.20000000298023224
0 0.921875 0.3333333432674408 0.15625 0.2395833283662796
0 0.22968749701976776 0.07708333432674408 0.1640625 0.15208333730697632
