0 0.792187511920929 0.6187499761581421 0.18437500298023224 0.22083333134651184
0 0.4453125 0.5458333492279053 0.1484375 0.1979166716337204
0 0.09218750149011612 0.7145833373069763 0.13750000298023224 0.26249998807907104
0 0.4625000059604645 0.24583333730697632 0.17812499403953552 0.20208333432674408
0 0.824999988079071 0.14374999701976776 0.19218750298023224 0.23541666567325592
0 0.7281249761581421 0.3812499940395355 0.16875000298023224 0.22083333134651184
0 0.606249988079071 0.40625 0.18437500298023224 0.24375000596046448
0 0.6468750238418579 0.8999999761581421 0.18593749403953552 0.1979166716337204
0 0.6109374761581421 0.643750011920929 0.15937499701976776 0.2083333283662796
0 0.3499999940395355 0.3854166567325592 0.15625 0.1979166716337204
0 0.22968749701976776 0.21875 0.15312500298023224 0.24375000596046448
0 0.22968749701976776 0.44999998807907104 0.140625 0.25208333134651184
0 0.3375000059604645 0.08124999701976776 0.171875 0.15833333134651184
