0 0.19062499701976776 0.11874999850988388 0.140625 0.17291666567325592
0 0.15312500298023224 0.23125000298023224 0.140625 0.17291666567325592
0 0.05781250074505806 0.38749998807907104 0.11249999701976776 0.17291666567325592
0 0.3203125 0.40625 0.14531250298023224 0.22499999403953552
0 0.5796874761581421 0.09791667014360428 0.11249999701976776 0.19374999403953552
0 0.574999988079071 0.2604166567325592 0.1640625 0.19166666269302368
0 0.768750011920929 0.09583333134651184 0.1640625 0.18958333134651184
0 0.22031250596046448 0.8041666746139526 0.19062499701976776 0.22083333134651184
0 0.4281249940395355 0.9166666865348816 0.17812499403953552 0.1666666716337204
0 0.637499988079071 0.731249988079071 0.15312500298023224 0.1666666716337204
0 0.6859375238418579 0.550000011920929 0.15781250596046448 0.19166666269302368
0 0.8656250238418579 0.7958333492279053 0.15781250596046448 0.19166666269302368
0 0.8999999761581421 0.5791666507720947 0.09843750298023224 0.19166666269302368
0 0.4453125 0.28333333134651184 0.17812499403953552 0.22083333134651184
