0 0.25 0.71875 0.17031249403953552 0.2645833194255829
0 0.71875 0.4270833432674408 0.18125000596046448 0.22291666269302368
0 0.793749988079071 0.2562499940395355 0.14374999701976776 0.2291666716337204
0 0.59375 0.30000001192092896 0.1796875 0.23749999701976776
0 0.890625 0.6895833611488342 0.14531250298023224 0.23333333432674408
0 0.10468749701976776 0.7458333373069763 0.13437500596046448 0.21666666865348816
0 0.2593750059604645 0.3375000059604645 0.16093750298023224 0.21458333730697632
0 0.15468749403953552 0.5145833492279053 0.20624999701976776 0.19166666269302368
0 0.4390625059604645 0.06666667014360428 0.17343750596046448 0.13124999403953552
0 0.6703125238418579 0.8395833373069763 0.20937499403953552 0.24791666865348816
