0 0.29374998807907104 0.31458333134651184 0.1484375 0.21666666865348816
0 0.20624999701976776 0.10833333432674408 0.15156249701976776 0.20416666567325592
0 0.46562498807907104 0.09791667014360428 0.14687499403953552 0.19166666269302368
0 0.65625 0.11874999850988388 0.14687499403953552 0.19374999403953552
0 0.925000011920929 0.3166666626930237 0.12968750298023224 0.17499999701976776
0 0.90625 0.75 0.1640625 0.1979166716337204
0 0.37968748807907104 0.6833333373069763 0.1640625 0.1979166716337204
0 0.16718749701976776 0.8729166388511658 0.1640625 0.1979166716337204
0 0.612500011920929 0.36666667461395264 0.1953125 0.20208333432674408
0 0.390625 0.8125 0.15625 0.17916665971279144
0 0.2828125059604645 0.5333333611488342 0.1875 0.2666666805744171
