0 0.676562488079071 0.6791666746139526 0.17343750596046448 0.20000000298023224
0 0.8031250238418579 0.2541666626930237 0.20624999701976776 0.2291666716337204
0 0.559374988079071 0.17499999701976776 0.15781250596046448 0.2541666626930237
0 0.09843750298023224 0.5791666507720947 0.16718749701976776 0.24375000596046448
0 0.19218750298023224 0.5291666388511658 0.18125000596046448 0.26875001192092896
0 0.3515625 0.2604166567325592 0.16875000298023224 0.24791666865348816
0 0.30781251192092896 0.8020833134651184 0.19218750298023224 0.23541666567325592
0 0.4515624940395355 0.7666666507720947 0.18906250596046448 0.19166666269302368
0 0.14374999701976776 0.8791666626930237 0.2109375 0.22708334028720856
0 0.6703125238418579 0.893750011920929 0.18593749403953552 0.1979166716337204
0 0.9078124761581421 0.1041666641831398 0.17656250298023224 0.1770833283662796
0 0.125 0.18125000596046448 0.18906250596046448 0.24791666865348816
0 0.8734375238418579 0.643750011920929 0.15312500298023224 0.2083333283662796
0 0.942187488079071 0.4333333373069763 0.11562500149011612 0.23541666567325592
0 0.784375011920929 0.4583333432674408 0.24531249701976776 0.2395833283662796
