0 0.09531249850988388 0.19583334028720856 0.15625 0.21458333730697632
0 0.08437500149011612 0.47708332538604736 0.16562500596046448 0.2645833194255829
0 0.22031250596046448 0.7833333611488342 0.15000000596046448 0.20416666567325592
0 0.2593750059604645 0.48124998807907104 0.18125000596046448 0.2291666716337204
0 0.4359374940395355 0.20000000298023224 0.18125000596046448 0.2291666716337204
0 0.6156250238418579 0.8916666507720947 0.14374999701976776 0.21458333730697632
0 0.3453125059604645 0.8916666507720947 0.15625 0.21458333730697632
0 0.606249988079071 0.4124999940395355 0.18437500298023224 0.21458333730697632
0 0.778124988079071 0.15833333134651184 0.12343750149011612 0.19583334028720856
0 0.8765624761581421 0.41458332538604736 0.16562500596046448 0.21458333730697632
0 0.925000011920929 0.18125000596046448 0.14374999701976776 0.19166666269302368
0 0.6171875 0.643750011920929 0.18281249701976776 0.24583333730697632
0 0.48750001192092896 0.3812499940395355 0.15625 0.20208333432674408
