0 0.43437498807907104 0.6499999761581421 0.15937499701976776 0.19583334028720856
0 0.16093750298023224 0.5375000238418579 0.17343750596046448 0.1979166716337204
0 0.31718748807907104 0.46666666865348816 0.2109375 0.2395833283662796
0 0.6937500238418579 0.6875 0.17499999701976776 0.23125000298023224
0 0.856249988079071 0.699999988079071 0.1796875 0.21041665971279144
0 0.6171875 0.2916666567325592 0.16562500596046448 0.20000000298023224
0 0.75 0.26249998807907104 0.16562500596046448 0.20000000298023224
0 0.746874988079071 0.4541666805744171 0.16562500596046448 0.20000000298023224
0 0.2750000059604645 0.26249998807907104 0.16562500596046448 0.20000000298023224
0 0.13124999403953552 0.23541666567325592 0.16875000298023224 0.21875
0 0.932812511920929 0.1666666716337204 0.1328125 0.20416666567325592
0 0.4625000059604645 0.8958333134651184 0.15468749403953552 0.18541666865348816
