0 0.8812500238418579 0.3166666626930237 0.2265625 0.17916665971279144
0 0.24843749403953552 0.34583333134651184 0.15781250596046448 0.18958333134651184
0 0.21875 0.5520833134651184 0.19843749701976776 0.23541666567325592
0 0.30000001192092896 0.731249988079071 0.16562500596046448 0.2083333283662796
0 0.23593750596046448 0.8666666746139526 0.16562500596046448 0.2083333283662796
0 0.06718750298023224 0.7833333611488342 0.1328125 0.20000000298023224
0 0.9203125238418579 0.5541666746139526 0.15937499701976776 0.21250000596046448
0 0.9296875 0.08124999701976776 0.140625 0.15833333134651184
0 0.8109375238418579 0.78125 0.19687500596046448 0.21041665971279144
0 0.6031249761581421 0.7583333253860474 0.18906250596046448 0.20000000298023224
0 0.518750011920929 0.9020833373069763 0.15625 0.19583334028720856
0 0.17812499403953552 0.0729166641831398 0.15312500298023224 0.14374999701976776
0 0.11562500149011612 0.3270833194255829 0.13593749701976776 0.20624999701976776
