0 0.7359374761581421 0.8500000238418579 0.15625 0.20416666567325592
0 0.49531251192092896 0.9208333492279053 0.15156249701976776 0.15833333134651184
0 0.7749999761581421 0.2562499940395355 0.15625 0.1458333283662796
0 0.75 0.3479166626930237 0.15625 0.15208333730697632
0 0.606249988079071 0.37708333134651184 0.13437500596046448 0.16458334028720856
0 0.6421874761581421 0.5104166865348816 0.18437500298023224 0.26875001192092896
0 0.614062488079071 0.13750000298023224 0.17812499403953552 0.20000000298023224
0 0.9203125238418579 0.18958333134651184 0.15781250596046448 0.20208333432674408
0 0.07656250149011612 0.6791666746139526 0.15156249701976776 0.21041665971279144
0 0.09375 0.9125000238418579 0.18593749403953552 0.1666666716337204
0 0.18437500298023224 0.23333333432674408 0.15312500298023224 0.21041665971279144
0 0.3421874940395355 0.5833333134651184 0.15312500298023224 0.21041665971279144
0 0.942187488079071 0.40833333134651184 0.11562500149011612 0.21875
0 0.7562500238418579 0.0729166641831398 0.15312500298023224 0.14166666567325592
