0 0.2984375059604645 0.4229166805744171 0.13437500596046448 0.18125000596046448
0 0.25468748807907104 0.38749998807907104 0.16562500596046448 0.17291666567325592
0 0.21406249701976776 0.5916666388511658 0.17656250298023224 0.21875
0 0.796875 0.4229166805744171 0.17031249403953552 0.2395833283662796
0 0.48124998807907104 0.8354166746139526 0.17031249403953552 0.2395833283662796
0 0.7203124761581421 0.4895833432674408 0.17031249403953552 0.2395833283662796
0 0.5609375238418579 0.7437499761581421 0.16875000298023224 0.1979166716337204
0 0.90625 0.08958332985639572 0.18281249701976776 0.1770833283662796
0 0.8531249761581421 0.6625000238418579 0.16875000298023224 0.2395833283662796
0 0.6968749761581421 0.6958333253860474 0.18593749403953552 0.28333333134651184
0 0.296875 0.8083333373069763 0.171875 0.21041665971279144
0 0.18125000596046448 0.8145833611488342 0.171875 0.21041665971279144
0 0.046875 0.27916666865348816 0.09062500298023224 0.19374999403953552
