0 0.8812500238418579 0.4541666805744171 0.14531250298023224 0.2083333283662796
0 0.762499988079071 0.2958333194255829 0.1953125 0.23125000298023224
0 0.8687499761581421 0.737500011920929 0.17031249403953552 0.23541666567325592
0 0.484375 0.6270833611488342 0.18906250596046448 0.23333333432674408
0 0.17812499403953552 0.33125001192092896 0.17499999701976776 0.23125000298023224
0 0.6890624761581421 0.6520833373069763 0.19687500596046448 0.2291666716337204
0 0.4281249940395355 0.35624998807907104 0.14374999701976776 0.18958333134651184
0 0.3359375 0.25833332538604736 0.14374999701976776 0.18958333134651184
0 0.07343749701976776 0.08749999850988388 0.14218750596046448 0.17083333432674408
0 0.10625000298023224 0.5645833611488342 0.1640625 0.17499999701976776
0 0.09531249850988388 0.65625 0.16875000298023224 0.21666666865348816
0 0.628125011920929 0.42916667461395264 0.16718749701976776 0.33125001192092896
0 0.78125 0.08124999701976776 0.1953125 0.15833333134651184
0 0.41874998807907104 0.2291666716337204 0.12968750298023224 0.16458334028720856
