0 0.5234375 0.8812500238418579 0.15781250596046448 0.23541666567325592
0 0.6859375238418579 0.8458333611488342 0.16562500596046448 0.19374999403953552
0 0.542187511920929 0.24375000596046448 0.17031249403953552 0.2083333283662796
0 0.7015625238418579 0.16041666269302368 0.1796875 0.25
0 0.551562488079071 0.65625 0.17812499403953552 0.19583334028720856
0 0.40937501192092896 0.09375 0.18437500298023224 0.18333333730697632
0 0.604687511920929 0.4791666567325592 0.13124999403953552 0.21875
0 0.9156249761581421 0.11041666567325592 0.16093750298023224 0.21875
0 0.729687511920929 0.41458332538604736 0.16249999403953552 0.22291666269302368
0 0.760937511920929 0.637499988079071 0.16093750298023224 0.20208333432674408
0 0.2671875059604645 0.21875 0.15937499701976776 0.22291666269302368
0 0.8828125 0.38333332538604736 0.1484375 0.21041665971279144
0 0.8828125 0.8270833492279053 0.1796875 0.1770833283662796
0 0.06718750298023224 0.3125 0.13124999403953552 0.22708334028720856
