0 0.6875 0.699999988079071 0.1640625 0.20000000298023224
0 0.28437501192092896 0.5874999761581421 0.1640625 0.20000000298023224
0 0.5703125 0.21041665971279144 0.19843749701976776 0.20624999701976776
0 0.6343749761581421 0.4729166626930237 0.15625 0.2083333283662796
0 0.40937501192092896 0.8958333134651184 0.15625 0.2083333283662796
0 0.1171875 0.7958333492279053 0.22031250596046448 0.21041665971279144
0 0.948437511920929 0.25 0.10312499850988388 0.25208333134651184
0 0.739062488079071 0.17291666567325592 0.15625 0.2083333283662796
0 0.7359374761581421 0.3062500059604645 0.15625 0.2083333283662796
0 0.921875 0.5 0.15625 0.2083333283662796
0 0.28437501192092896 0.8354166746139526 0.15781250596046448 0.2083333283662796
0 0.07968749850988388 0.11666666716337204 0.15625 0.2083333283662796
0 0.14687499403953552 0.543749988079071 0.12343750149011612 0.19166666269302368
