0 0.6625000238418579 0.3395833373069763 0.234375 0.17916665971279144
0 0.609375 0.6541666388511658 0.14687499403953552 0.1770833283662796
0 0.36406248807907104 0.6979166865348816 0.15468749403953552 0.17916665971279144
0 0.47187501192092896 0.5895833373069763 0.15468749403953552 0.17916665971279144
0 0.7124999761581421 0.7020833492279053 0.15156249701976776 0.23125000298023224
0 0.2984375059604645 0.49791666865348816 0.15156249701976776 0.21041665971279144
0 0.5531250238418579 0.17916665971279144 0.15468749403953552 0.17916665971279144
0 0.659375011920929 0.13333334028720856 0.15468749403953552 0.17916665971279144
0 0.793749988079071 0.21875 0.15781250596046448 0.2291666716337204
0 0.07343749701976776 0.5020833611488342 0.14531250298023224 0.18333333730697632
0 0.0546875 0.10833333432674408 0.10781250149011612 0.21041665971279144
0 0.09218750149011612 0.8833333253860474 0.15937499701976776 0.15833333134651184
0 0.9359375238418579 0.43541666865348816 0.12812499701976776 0.17499999701976776
0 0.9359375238418579 0.7520833611488342 0.12812499701976776 0.17499999701976776
0 0.824999988079071 0.9312499761581421 0.15312500298023224 0.1354166716337204
0 0.23593750596046448 0.3583333194255829 0.15625 0.21666666865348816
