0 0.21718749403953552 0.5791666507720947 0.14218750596046448 0.1979166716337204
0 0.7875000238418579 0.5687500238418579 0.15937499701976776 0.1979166716337204
0 0.542187511920929 0.6333333253860474 0.15781250596046448 0.2645833194255829
0 0.3765625059604645 0.8895833492279053 0.18906250596046448 0.21875
0 0.19843749701976776 0.15000000596046448 0.12343750149011612 0.22291666269302368
0 0.640625 0.27916666865348816 0.16562500596046448 0.22708334028720856
0 0.9281250238418579 0.19166666269302368 0.14218750596046448 0.23333333432674408
0 0.43437498807907104 0.6958333253860474 0.16562500596046448 0.22708334028720856
0 0.760937511920929 0.8708333373069763 0.15156249701976776 0.25833332538604736
0 0.6390625238418579 0.8708333373069763 0.15156249701976776 0.25833332538604736
0 0.5531250238418579 0.08958332985639572 0.15937499701976776 0.1770833283662796
