0 0.5843750238418579 0.1354166716337204 0.18125000596046448 0.18958333134651184
0 0.1484375 0.2979166805744171 0.19062499701976776 0.21041665971279144
0 0.14531250298023224 0.518750011920929 0.16718749701976776 0.19374999403953552
0 0.2593750059604645 0.518750011920929 0.18125000596046448 0.2645833194255829
0 0.40625 0.5604166388511658 0.08281250298023224 0.27916666865348816
0 0.45625001192092896 0.6708333492279053 0.15625 0.22083333134651184
0 0.15156249701976776 0.8395833373069763 0.1640625 0.22499999403953552
0 0.604687511920929 0.3499999940395355 0.23281249403953552 0.19166666269302368
0 0.875 0.40833333134651184 0.1640625 0.25208333134651184
0 0.4000000059604645 0.9208333492279053 0.19843749701976776 0.15625
0 0.296875 0.78125 0.13437500596046448 0.23749999701976776
0 0.27656251192092896 0.1354166716337204 0.18125000596046448 0.21875
