0 0.7281249761581421 0.21666666865348816 0.13437500596046448 0.2645833194255829
0 0.9125000238418579 0.2958333194255829 0.17343750596046448 0.28333333134651184
0 0.785937488079071 0.8479166626930237 0.21718749403953552 0.24375000596046448
0 0.8203125 0.550000011920929 0.1640625 0.23333333432674408
0 0.6640625 0.5 0.1640625 0.23333333432674408
0 0.745312511920929 0.4541666805744171 0.125 0.20000000298023224
0 0.518750011920929 0.3479166626930237 0.15625 0.20416666567325592
0 0.4140625 0.4583333432674408 0.17656250298023224 0.2083333283662796
0 0.12343750149011612 0.5874999761581421 0.15156249701976776 0.19583334028720856
0 0.2984375059604645 0.7479166388511658 0.14374999701976776 0.22708334028720856
0 0.2578125 0.90625 0.16093750298023224 0.18541666865348816
0 0.1640625 0.32499998807907104 0.16562500596046448 0.19374999403953552
0 0.598437488079071 0.09791667014360428 0.16562500596046448 0.19166666269302368
0 0.3375000059604645 0.08124999701976776 0.140625 0.15833333134651184
0 0.07343749701976776 0.24583333730697632 0.14374999701976776 0.20624999701976776
