0 0.706250011920929 0.24583333730697632 0.15468749403953552 0.2083333283662796
0 0.2984375059604645 0.5249999761581421 0.16718749701976776 0.21250000596046448
0 0.5140625238418579 0.3166666626930237 0.12812499701976776 0.1979166716337204
0 0.581250011920929 0.4520833194255829 0.1640625 0.25208333134651184
0 0.4140625 0.18958333134651184 0.13593749701976776 0.21458333730697632
0 0.737500011920929 0.6229166388511658 0.19843749701976776 0.2291666716337204
0 0.862500011920929 0.33125001192092896 0.19843749701976776 0.25
0 0.15781250596046448 0.40625 0.20781250298023224 0.16249999403953552
0 0.10312499850988388 0.8583333492279053 0.15781250596046448 0.19583334028720856
0 0.12187500298023224 0.08958332985639572 0.1328125 0.1770833283662796
0 0.29374998807907104 0.21250000596046448 0.15625 0.23749999701976776
0 0.5859375 0.0833333358168602 0.17656250298023224 0.16249999403953552
0 0.942187488079071 0.84375 0.11562500149011612 0.2395833283662796
