0 0.7875000238418579 0.27291667461395264 0.15937499701976776 0.21041665971279144
0 0.839062511920929 0.49791666865348816 0.19218750298023224 0.28333333134651184
0 0.625 0.550000011920929 0.17031249403953552 0.21666666865348816
0 0.1171875 0.3333333432674408 0.16093750298023224 0.19583334028720856
0 0.3531250059604645 0.16875000298023224 0.19687500596046448 0.2083333283662796
0 0.20156249403953552 0.7124999761581421 0.14374999701976776 0.16458334028720856
0 0.559374988079071 0.24791666865348816 0.17031249403953552 0.2291666716337204
0 0.16562500596046448 0.22708334028720856 0.14531250298023224 0.20000000298023224
0 0.3421874940395355 0.7562500238418579 0.14218750596046448 0.1770833283662796
0 0.3765625059604645 0.42500001192092896 0.15781250596046448 0.16875000298023224
0 0.21875 0.4749999940395355 0.15468749403953552 0.1979166716337204
0 0.3375000059604645 0.5 0.14687499403953552 0.15833333134651184
0 0.7875000238418579 0.7020833492279053 0.0 0.0
