0 0.05937499925494194 0.7729166746139526 0.11562500149011612 0.22708334028720856
0 0.38593751192092896 0.9291666746139526 0.20156249403953552 0.13958333432674408
0 0.28437501192092896 0.9375 0.16249999403953552 0.125
0 0.854687511920929 0.8416666388511658 0.13906249403953552 0.18541666865348816
0 0.5546875 0.7124999761581421 0.17499999701976776 0.1875
0 0.893750011920929 0.1875 0.17343750596046448 0.22083333134651184
0 0.171875 0.3854166567325592 0.1328125 0.1875
0 0.2671875059604645 0.6229166388511658 0.1328125 0.1875
0 0.14374999701976776 0.5520833134651184 0.1796875 0.23333333432674408
0 0.7718750238418579 0.6812499761581421 0.16562500596046448 0.14374999701976776
0 0.9156249761581421 0.6333333253860474 0.13906249403953552 0.18541666865348816
