0 0.6265624761581421 0.4937500059604645 0.171875 0.17291666567325592
0 0.46562498807907104 0.6395833492279053 0.171875 0.17291666567325592
0 0.4546875059604645 0.4625000059604645 0.16249999403953552 0.20000000298023224
0 0.4437499940395355 0.09166666865348816 0.16249999403953552 0.18125000596046448
0 0.24531249701976776 0.11041666567325592 0.16718749701976776 0.21875
0 0.557812511920929 0.23125000298023224 0.18125000596046448 0.21250000596046448
0 0.8687499761581421 0.16041666269302368 0.17812499403953552 0.20624999701976776
0 0.09218750149011612 0.6979166865348816 0.16249999403953552 0.20000000298023224
0 0.40937501192092896 0.8645833134651184 0.16249999403953552 0.20000000298023224
0 0.8515625 0.30416667461395264 0.16249999403953552 0.20000000298023224
0 0.746874988079071 0.07083333283662796 0.10625000298023224 0.13750000298023224
0 0.08437500149011612 0.9208333492279053 0.12656250596046448 0.15625
0 0.30000001192092896 0.6666666865348816 0.13437500596046448 0.17083333432674408
0 0.2718749940395355 0.875 0.11562500149011612 0.16041666269302368
