0 0.8359375 0.3541666567325592 0.19062499701976776 0.25208333134651184
0 0.754687488079071 0.6666666865348816 0.16875000298023224 0.2562499940395355
0 0.26093751192092896 0.4020833373069763 0.14531250298023224 0.21666666865348816
0 0.5328124761581421 0.16041666269302368 0.14531250298023224 0.21666666865348816
0 0.8140624761581421 0.10625000298023224 0.15781250596046448 0.21041665971279144
0 0.07968749850988388 0.699999988079071 0.15625 0.21250000596046448
0 0.33281248807907104 0.5979166626930237 0.15781250596046448 0.21250000596046448
0 0.24531249701976776 0.7541666626930237 0.17656250298023224 0.20416666567325592
0 0.4203124940395355 0.7708333134651184 0.17656250298023224 0.20416666567325592
0 0.9234374761581421 0.699999988079071 0.15156249701976776 0.2083333283662796
0 0.6968749761581421 0.22708334028720856 0.15156249701976776 0.2083333283662796
0 0.23749999701976776 0.8833333253860474 0.14374999701976776 0.15416666865348816
0 0.1015625 0.1458333283662796 0.19843749701976776 0.2083333283662796
0 0.38749998807907104 0.34166666865348816 0.109375 0.2770833373069763
0 0.621874988079071 0.8500000238418579 0.15937499701976776 0.21458333730697632
0 0.10468749701976776 0.46875 0.15937499701976776 0.21458333730697632
0 0.9203125238418579 0.918749988079071 0.15781250596046448 0.16249999403953552
