0 0.4515624940395355 0.4416666626930237 0.11874999850988388 0.19374999403953552
0 0.30937498807907104 0.862500011920929 0.11874999850988388 0.19374999403953552
0 0.22031250596046448 0.8999999761581421 0.14374999701976776 0.1666666716337204
0 0.08749999850988388 0.7666666507720947 0.14218750596046448 0.20208333432674408
0 0.08906249701976776 0.2645833194255829 0.14218750596046448 0.20208333432674408
0 0.11093749850988388 0.39375001192092896 0.16093750298023224 0.1979166716337204
0 0.14218750596046448 0.4645833373069763 0.140625 0.18333333730697632
0 0.13750000298023224 0.08124999701976776 0.17656250298023224 0.16041666269302368
0 0.3656249940395355 0.3499999940395355 0.15312500298023224 0.24791666865348816
0 0.5093749761581421 0.2750000059604645 0.14374999701976776 0.18958333134651184
0 0.8734375238418579 0.1666666716337204 0.14374999701976776 0.18958333134651184
0 0.90625 0.3958333432674408 0.16718749701976776 0.23541666567325592
0 0.8125 0.5604166388511658 0.12968750298023224 0.20208333432674408
0 0.925000011920929 0.8062499761581421 0.15000000596046448 0.22083333134651184
0 0.629687488079071 0.44583332538604736 0.15000000596046448 0.22083333134651184
0 0.668749988079071 0.15416666865348816 0.15000000596046448 0.22083333134651184
0 0.503125011920929 0.09375 0.14687499403953552 0.18541666865348816
