0 0.46875 0.13750000298023224 0.2265625 0.20624999701976776
0 0.7953125238418579 0.8520833253860474 0.17499999701976776 0.20416666567325592
0 0.84375 0.3166666626930237 0.17656250298023224 0.2395833283662796
0 0.7796875238418579 0.4625000059604645 0.16562500596046448 0.19374999403953552
0 0.589062511920929 0.3645833432674408 0.16562500596046448 0.19374999403953552
0 0.762499988079071 0.1354166716337204 0.19062499701976776 0.21458333730697632
0 0.0625 0.14791665971279144 0.12343750149011612 0.21041665971279144
0 0.2109375 0.1041666641831398 0.17656250298023224 0.20624999701976776
0 0.16249999403953552 0.3916666805744171 0.17656250298023224 0.2083333283662796
0 0.16093750298023224 0.9229166507720947 0.17812499403953552 0.15416666865348816
0 0.07187499850988388 0.8645833134651184 0.14218750596046448 0.15833333134651184
0 0.375 0.3708333373069763 0.14374999701976776 0.15833333134651184
0 0.910937488079071 0.7562500238418579 0.14374999701976776 0.15833333134651184
