0 0.11093749850988388 0.27291667461395264 0.1796875 0.18125000596046448
0 0.3828125 0.8104166388511658 0.1796875 0.18125000596046448
0 0.25 0.862500011920929 0.18125000596046448 0.19583334028720856
0 0.484375 0.2916666567325592 0.18281249701976776 0.22708334028720856
0 0.2874999940395355 0.125 0.18281249701976776 0.22708334028720856
0 0.13124999403953552 0.4416666626930237 0.17499999701976776 0.20624999701976776
0 0.824999988079071 0.12083332985639572 0.17499999701976776 0.20624999701976776
0 0.714062511920929 0.4895833432674408 0.19843749701976776 0.28125
0 0.5562499761581421 0.7583333253860474 0.14374999701976776 0.1979166716337204
0 0.734375 0.7583333253860474 0.14374999701976776 0.1979166716337204
0 0.65625 0.10208333283662796 0.14531250298023224 0.1979166716337204
0 0.5296875238418579 0.07500000298023224 0.18906250596046448 0.1458333283662796
0 0.09062500298023224 0.8604166507720947 0.16562500596046448 0.1875
