0 0.30937498807907104 0.731249988079071 0.140625 0.1770833283662796
0 0.27656251192092896 0.9166666865348816 0.14531250298023224 0.16458334028720856
0 0.671875 0.4791666567325592 0.16718749701976776 0.22708334028720856
0 0.828125 0.6625000238418579 0.13906249403953552 0.18333333730697632
0 0.7421875 0.07708333432674408 0.12812499701976776 0.15208333730697632
0 0.8374999761581421 0.21666666865348816 0.17343750596046448 0.20624999701976776
0 0.21406249701976776 0.3375000059604645 0.14687499403953552 0.18333333730697632
0 0.5062500238418579 0.3812499940395355 0.15625 0.19374999403953552
0 0.8828125 0.0520833320915699 0.15625 0.10208333283662796
0 0.9375 0.37708333134651184 0.12343750149011612 0.20624999701976776
0 0.9593750238418579 0.7208333611488342 0.07968749850988388 0.17499999701976776
0 0.909375011920929 0.9083333611488342 0.17343750596046448 0.18333333730697632
0 0.5218750238418579 0.13750000298023224 0.19843749701976776 0.20000000298023224
