0 0.793749988079071 0.7770833373069763 0.18437500298023224 0.21458333730697632
0 0.7984374761581421 0.3083333373069763 0.18437500298023224 0.21458333730697632
0 0.596875011920929 0.2958333194255829 0.18437500298023224 0.21458333730697632
0 0.09843750298023224 0.30000001192092896 0.18593749403953552 0.22708334028720856
0 0.35468751192092896 0.16875000298023224 0.18593749403953552 0.2604166567325592
0 0.43437498807907104 0.7583333253860474 0.12968750298023224 0.3125
0 0.6265624761581421 0.800000011920929 0.14218750596046448 0.25
0 0.7828124761581421 0.10833333432674408 0.14218750596046448 0.21458333730697632
0 0.08906249701976776 0.10000000149011612 0.17656250298023224 0.19583334028720856
0 0.2750000059604645 0.9104166626930237 0.15625 0.17499999701976776
0 0.645312488079071 0.4937500059604645 0.15625 0.17499999701976776
0 0.542187511920929 0.53125 0.15625 0.17499999701976776
0 0.53125 0.07083333283662796 0.14218750596046448 0.13750000298023224
