0 0.4156250059604645 0.793749988079071 0.171875 0.15000000596046448
0 0.6875 0.3791666626930237 0.171875 0.2395833283662796
0 0.4749999940395355 0.35208332538604736 0.171875 0.2395833283662796
0 0.8515625 0.4520833194255829 0.18281249701976776 0.24166665971279144
0 0.4078125059604645 0.10833333432674408 0.1796875 0.21250000596046448
0 0.17031249403953552 0.6958333253860474 0.13124999403953552 0.20208333432674408
0 0.8125 0.918749988079071 0.14218750596046448 0.16041666269302368
0 0.573437511920929 0.918749988079071 0.18437500298023224 0.16041666269302368
0 0.12031249701976776 0.23749999701976776 0.16093750298023224 0.2291666716337204
0 0.0625 0.17291666567325592 0.12343750149011612 0.26249998807907104
