0 0.503125011920929 0.7250000238418579 0.1484375 0.24791666865348816
0 0.6875 0.7145833373069763 0.15000000596046448 0.16249999403953552
0 0.10625000298023224 0.6270833611488342 0.17812499403953552 0.21041665971279144
0 0.2750000059604645 0.7583333253860474 0.15000000596046448 0.23749999701976776
0 0.09843750298023224 0.8062499761581421 0.17499999701976776 0.22708334028720856
0 0.3343749940395355 0.3958333432674408 0.17343750596046448 0.22083333134651184
0 0.8765624761581421 0.6104166507720947 0.18437500298023224 0.21250000596046448
0 0.71875 0.8833333253860474 0.18593749403953552 0.19166666269302368
0 0.4609375 0.3604166805744171 0.16562500596046448 0.25208333134651184
0 0.07656250149011612 0.26875001192092896 0.15156249701976776 0.20416666567325592
0 0.08749999850988388 0.46041667461395264 0.171875 0.21666666865348816
0 0.2640624940395355 0.20416666567325592 0.18281249701976776 0.20416666567325592
0 0.692187488079071 0.1666666716337204 0.17343750596046448 0.15416666865348816
0 0.854687511920929 0.18541666865348816 0.16093750298023224 0.25208333134651184
0 0.4515624940395355 0.9291666746139526 0.1640625 0.14166666567325592
0 0.543749988079071 0.08958332985639572 0.15156249701976776 0.17499999701976776
0 0.18125000596046448 0.08958332985639572 0.14687499403953552 0.17499999701976776
