0 0.6656249761581421 0.5041666626930237 0.15625 0.21458333730697632
0 0.589062511920929 0.5270833373069763 0.16093750298023224 0.2666666805744171
0 0.846875011920929 0.5604166388511658 0.18281249701976776 0.23333333432674408
0 0.90625 0.7541666626930237 0.15937499701976776 0.20208333432674408
0 0.3984375 0.543749988079071 0.17031249403953552 0.2291666716337204
0 0.10625000298023224 0.3187499940395355 0.14374999701976776 0.20000000298023224
0 0.08906249701976776 0.7770833373069763 0.14374999701976776 0.20416666567325592
0 0.879687488079071 0.13333334028720856 0.13906249403953552 0.17499999701976776
0 0.4296875 0.33541667461395264 0.13750000298023224 0.18541666865348816
0 0.18281249701976776 0.8479166626930237 0.1875 0.2395833283662796
0 0.4781250059604645 0.831250011920929 0.1953125 0.2083333283662796
