0 0.24687500298023224 0.22499999403953552 0.19062499701976776 0.20416666567325592
0 0.4156250059604645 0.18541666865348816 0.16562500596046448 0.21250000596046448
0 0.2640624940395355 0.637499988079071 0.17343750596046448 0.21666666865348816
0 0.9078124761581421 0.53125 0.16718749701976776 0.19166666269302368
0 0.565625011920929 0.29374998807907104 0.16718749701976776 0.19166666269302368
0 0.614062488079071 0.2770833373069763 0.15625 0.1666666716337204
0 0.7718750238418579 0.1979166716337204 0.15625 0.1666666716337204
0 0.10312499850988388 0.518750011920929 0.20156249403953552 0.2604166567325592
0 0.23125000298023224 0.862500011920929 0.1640625 0.21875
0 0.7359374761581421 0.7354166507720947 0.15156249701976776 0.18541666865348816
0 0.862500011920929 0.8833333253860474 0.19062499701976776 0.23333333432674408
0 0.375 0.3791666626930237 0.18437500298023224 0.20208333432674408
0 0.5390625 0.8374999761581421 0.17499999701976776 0.20624999701976776
0 0.06562499701976776 0.16458334028720856 0.12812499701976776 0.23125000298023224
