0 0.3828125 0.25208333134651184 0.14374999701976776 0.21666666865348816
0 0.07187499850988388 0.35208332538604736 0.14218750596046448 0.21666666865348816
0 0.22968749701976776 0.12708333134651184 0.20937499403953552 0.25208333134651184
0 0.37968748807907104 0.47708332538604736 0.15156249701976776 0.24166665971279144
0 0.3968749940395355 0.918749988079071 0.15468749403953552 0.15625
0 0.25468748807907104 0.7916666865348816 0.1953125 0.23541666567325592
0 0.8062499761581421 0.3854166567325592 0.15468749403953552 0.21041665971279144
0 0.90625 0.5375000238418579 0.18593749403953552 0.25208333134651184
0 0.6625000238418579 0.5249999761581421 0.15781250596046448 0.21250000596046448
0 0.573437511920929 0.893750011920929 0.19218750298023224 0.21250000596046448
0 0.6312500238418579 0.21041665971279144 0.17656250298023224 0.22499999403953552
