0 0.1171875 0.11249999701976776 0.171875 0.22083333134651184
0 0.3046875 0.2541666626930237 0.171875 0.22291666269302368
0 0.078125 0.7895833253860474 0.15312500298023224 0.21041665971279144
0 0.4781250059604645 0.5 0.15937499701976776 0.21666666865348816
0 0.653124988079071 0.26249998807907104 0.15937499701976776 0.21666666865348816
0 0.918749988079071 0.3812499940395355 0.16093750298023224 0.21666666865348816
0 0.8531249761581421 0.5854166746139526 0.16093750298023224 0.21666666865348816
0 0.7124999761581421 0.5666666626930237 0.13750000298023224 0.17499999701976776
0 0.7562500238418579 0.9312499761581421 0.13750000298023224 0.1354166716337204
0 0.09843750298023224 0.32083332538604736 0.15937499701976776 0.21666666865348816
0 0.20000000298023224 0.6083333492279053 0.1484375 0.25208333134651184
