0 0.34687501192092896 0.6958333253860474 0.20624999701976776 0.23333333432674408
0 0.21718749403953552 0.4229166805744171 0.17499999701976776 0.21250000596046448
0 0.08749999850988388 0.14374999701976776 0.17343750596046448 0.21250000596046448
0 0.17343750596046448 0.06666667014360428 0.171875 0.12916666269302368
0 0.707812488079071 0.15416666865348816 0.17499999701976776 0.21250000596046448
0 0.715624988079071 0.65625 0.17499999701976776 0.21250000596046448
0 0.37812501192092896 0.893750011920929 0.17656250298023224 0.21250000596046448
0 0.684374988079071 0.8416666388511658 0.17499999701976776 0.21250000596046448
0 0.926562488079071 0.09583333134651184 0.14687499403953552 0.1875
0 0.14374999701976776 0.6416666507720947 0.17656250298023224 0.21250000596046448
0 0.22031250596046448 0.793749988079071 0.15937499701976776 0.20416666567325592
