0 0.09531249850988388 0.4208333194255829 0.14218750596046448 0.2083333283662796
0 0.10625000298023224 0.6499999761581421 0.15781250596046448 0.21250000596046448
0 0.13750000298023224 0.8833333253860474 0.15156249701976776 0.2291666716337204
0 0.41093748807907104 0.25 0.18906250596046448 0.21041665971279144
0 0.22968749701976776 0.3395833373069763 0.18906250596046448 0.21041665971279144
0 0.26875001192092896 0.10625000298023224 0.18906250596046448 0.2083333283662796
0 0.625 0.2083333283662796 0.18906250596046448 0.21041665971279144
0 0.760937511920929 0.5520833134651184 0.18906250596046448 0.21250000596046448
0 0.7562500238418579 0.7604166865348816 0.18906250596046448 0.21250000596046448
0 0.9140625 0.8958333134651184 0.171875 0.20624999701976776
0 0.8109375238418579 0.3395833373069763 0.20000000298023224 0.25833332538604736
