0 0.526562511920929 0.762499988079071 0.18281249701976776 0.23333333432674408
0 0.675000011920929 0.4854166805744171 0.18437500298023224 0.17499999701976776
0 0.78125 0.8354166746139526 0.16718749701976776 0.19374999403953552
0 0.8687499761581421 0.4375 0.1640625 0.22708334028720856
0 0.8578125238418579 0.7270833253860474 0.15781250596046448 0.19166666269302368
0 0.7265625 0.9291666746139526 0.14531250298023224 0.13958333432674408
0 0.15625 0.8354166746139526 0.12968750298023224 0.20208333432674408
0 0.39375001192092896 0.34375 0.15468749403953552 0.1979166716337204
0 0.8374999761581421 0.11249999701976776 0.15468749403953552 0.1979166716337204
0 0.65625 0.2916666567325592 0.18437500298023224 0.19374999403953552
0 0.12187500298023224 0.12291666865348816 0.15468749403953552 0.1979166716337204
0 0.23125000298023224 0.3062500059604645 0.16249999403953552 0.1875
0 0.4359374940395355 0.11041666567325592 0.16093750298023224 0.20624999701976776
0 0.5921875238418579 0.0833333358168602 0.16875000298023224 0.16249999403953552
0 0.27031248807907104 0.1041666641831398 0.1484375 0.20416666567325592
0 0.08281250298023224 0.5 0.1640625 0.18541666865348816
