0 0.14531250298023224 0.5375000238418579 0.17343750596046448 0.2562499940395355
0 0.13593749701976776 0.2562499940395355 0.17499999701976776 0.21041665971279144
0 0.2421875 0.19374999403953552 0.14687499403953552 0.20000000298023224
0 0.6640625 0.38333332538604736 0.14687499403953552 0.20000000298023224
0 0.3499999940395355 0.6958333253860474 0.18125000596046448 0.18541666865348816
0 0.15625 0.90625 0.18125000596046448 0.18541666865348816
0 0.909375011920929 0.2291666716337204 0.18125000596046448 0.20000000298023224
0 0.48124998807907104 0.543749988079071 0.203125 0.24166665971279144
0 0.559374988079071 0.8208333253860474 0.1640625 0.22083333134651184
0 0.8968750238418579 0.4375 0.18281249701976776 0.21875
