0 0.13593749701976776 0.918749988079071 0.15625 0.16249999403953552
0 0.13750000298023224 0.20000000298023224 0.16562500596046448 0.21041665971279144
0 0.22812500596046448 0.38749998807907104 0.15000000596046448 0.2562499940395355
0 0.3453125059604645 0.512499988079071 0.1171875 0.25833332538604736
0 0.3812499940395355 0.24166665971279144 0.16562500596046448 0.21041665971279144
0 0.5406249761581421 0.2750000059604645 0.19374999403953552 0.20624999701976776
0 0.510937511920929 0.09791667014360428 0.1953125 0.19166666269302368
0 0.5140625238418579 0.5270833373069763 0.21406249701976776 0.25833332538604736
0 0.776562511920929 0.23749999701976776 0.15156249701976776 0.19583334028720856
0 0.879687488079071 0.637499988079071 0.15156249701976776 0.19583334028720856
0 0.47343748807907104 0.8916666507720947 0.1640625 0.20416666567325592
0 0.6890624761581421 0.8333333134651184 0.16562500596046448 0.22291666269302368
0 0.918749988079071 0.28333333134651184 0.14218750596046448 0.18333333730697632
