0 0.6390625238418579 0.3291666805744171 0.15625 0.2395833283662796
0 0.7046874761581421 0.862500011920929 0.1796875 0.20416666567325592
0 0.7578125 0.4791666567325592 0.1875 0.24166665971279144
0 0.807812511920929 0.6895833611488342 0.18125000596046448 0.17083333432674408
0 0.1640625 0.90625 0.15156249701976776 0.1875
0 0.07656250149011612 0.5854166746139526 0.15000000596046448 0.20208333432674408
0 0.07656250149011612 0.3645833432674408 0.15000000596046448 0.20208333432674408
0 0.520312488079071 0.16041666269302368 0.19374999403953552 0.23333333432674408
0 0.37187498807907104 0.34375 0.16718749701976776 0.2291666716337204
0 0.21718749403953552 0.2979166805744171 0.16718749701976776 0.2291666716337204
0 0.2578125 0.18333333730697632 0.16718749701976776 0.2291666716337204
0 0.940625011920929 0.46666666865348816 0.11874999850988388 0.2083333283662796
0 0.22812500596046448 0.5416666865348816 0.1484375 0.20000000298023224
