0 0.682812511920929 0.4229166805744171 0.15156249701976776 0.1875
0 0.8578125238418579 0.8729166388511658 0.15312500298023224 0.19166666269302368
0 0.5390625 0.4270833432674408 0.15000000596046448 0.2083333283662796
0 0.6968749761581421 0.11041666567325592 0.16718749701976776 0.21041665971279144
0 0.4781250059604645 0.4520833194255829 0.1484375 0.21250000596046448
0 0.48750001192092896 0.7250000238418579 0.15625 0.2604166567325592
0 0.24843749403953552 0.21458333730697632 0.17812499403953552 0.23125000298023224
0 0.14687499403953552 0.4000000059604645 0.17812499403953552 0.18541666865348816
0 0.12343750149011612 0.5583333373069763 0.14218750596046448 0.16249999403953552
0 0.4078125059604645 0.24166665971279144 0.1484375 0.22499999403953552
0 0.17499999701976776 0.8458333611488342 0.16249999403953552 0.21458333730697632
