0 0.6546875238418579 0.20000000298023224 0.15781250596046448 0.23333333432674408
0 0.817187488079071 0.4416666626930237 0.15781250596046448 0.23333333432674408
0 0.792187511920929 0.6916666626930237 0.19218750298023224 0.22499999403953552
0 0.917187511920929 0.8604166507720947 0.16562500596046448 0.20416666567325592
0 0.715624988079071 0.8854166865348816 0.16562500596046448 0.22708334028720856
0 0.9359375238418579 0.3125 0.12656250596046448 0.22291666269302368
0 0.8046875 0.09375 0.14531250298023224 0.18333333730697632
0 0.4906249940395355 0.8291666507720947 0.1171875 0.2291666716337204
0 0.4203124940395355 0.8270833492279053 0.1875 0.18958333134651184
0 0.23125000298023224 0.8333333134651184 0.1640625 0.2291666716337204
0 0.6546875238418579 0.38333332538604736 0.14218750596046448 0.17083333432674408
0 0.36406248807907104 0.15208333730697632 0.15625 0.19374999403953552
0 0.14218750596046448 0.5145833492279053 0.15625 0.19374999403953552
0 0.24062499403953552 0.13333334028720856 0.15156249701976776 0.22708334028720856
0 0.12812499701976776 0.31458333134651184 0.17656250298023224 0.2395833283662796
