0 0.5062500238418579 0.8229166865348816 0.12656250596046448 0.22291666269302368
0 0.6109374761581421 0.8541666865348816 0.17812499403953552 0.18333333730697632
0 0.745312511920929 0.699999988079071 0.203125 0.2083333283662796
0 0.784375011920929 0.0729166641831398 0.20937499403953552 0.14374999701976776
0 0.15625 0.49166667461395264 0.15468749403953552 0.24375000596046448
0 0.2890625 0.1145833358168602 0.140625 0.22708334028720856
0 0.7875000238418579 0.3645833432674408 0.14374999701976776 0.18541666865348816
0 0.47968751192092896 0.4520833194255829 0.12031249701976776 0.20624999701976776
0 0.32343751192092896 0.43958333134651184 0.12812499701976776 0.2083333283662796
0 0.06406249850988388 0.30000001192092896 0.12656250596046448 0.2083333283662796
0 0.09062500298023224 0.17083333432674408 0.14531250298023224 0.21666666865348816
