0 0.16562500596046448 0.8166666626930237 0.17031249403953552 0.25
0 0.38593751192092896 0.7604166865348816 0.22343750298023224 0.21041665971279144
0 0.14531250298023224 0.21250000596046448 0.18437500298023224 0.22499999403953552
0 0.5921875238418579 0.20000000298023224 0.18437500298023224 0.22499999403953552
0 0.41093748807907104 0.2979166805744171 0.18593749403953552 0.25
0 0.9140625 0.5104166865348816 0.15468749403953552 0.20624999701976776
0 0.20937499403953552 0.47083333134651184 0.16093750298023224 0.21666666865348816
0 0.25468748807907104 0.38749998807907104 0.13124999403953552 0.1770833283662796
0 0.3843750059604645 0.5333333611488342 0.17812499403953552 0.1875
0 0.2984375059604645 0.125 0.13906249403953552 0.19166666269302368
0 0.871874988079071 0.25208333134651184 0.17812499403953552 0.20208333432674408
0 0.0625 0.4166666567325592 0.12343750149011612 0.24583333730697632
0 0.8046875 0.4333333373069763 0.09531249850988388 0.13333334028720856
