0 0.3125 0.8333333134651184 0.18125000596046448 0.19374999403953552
0 0.12812499701976776 0.8708333373069763 0.17343750596046448 0.1875
0 0.4156250059604645 0.28333333134651184 0.18125000596046448 0.19374999403953552
0 0.6953125 0.1979166716337204 0.18281249701976776 0.22499999403953552
0 0.723437488079071 0.4333333373069763 0.14531250298023224 0.22708334028720856
0 0.9312499761581421 0.606249988079071 0.13593749701976776 0.2645833194255829
0 0.2953124940395355 0.5104166865348816 0.15312500298023224 0.21250000596046448
0 0.44999998807907104 0.6979166865348816 0.15312500298023224 0.21250000596046448
0 0.16093750298023224 0.7291666865348816 0.15625 0.1875
0 0.5140625238418579 0.1666666716337204 0.17656250298023224 0.25
