0 0.699999988079071 0.23333333432674408 0.15156249701976776 0.2666666805744171
0 0.890625 0.5 0.15781250596046448 0.21875
0 0.817187488079071 0.09166666865348816 0.16718749701976776 0.18125000596046448
0 0.30156248807907104 0.4729166626930237 0.16875000298023224 0.20000000298023224
0 0.38749998807907104 0.84375 0.17031249403953552 0.23749999701976776
0 0.6171875 0.8500000238418579 0.15937499701976776 0.19166666269302368
0 0.29374998807907104 0.6625000238418579 0.16875000298023224 0.20000000298023224
0 0.2421875 0.8770833611488342 0.17343750596046448 0.24166665971279144
0 0.47968751192092896 0.3187499940395355 0.17343750596046448 0.15416666865348816
0 0.4156250059604645 0.12083332985639572 0.1015625 0.23749999701976776
0 0.871874988079071 0.2604166567325592 0.14374999701976776 0.1875
0 0.7796875238418579 0.831250011920929 0.1484375 0.20416666567325592
0 0.07187499850988388 0.6104166507720947 0.14218750596046448 0.21875
