0 0.582812488079071 0.36666667461395264 0.14531250298023224 0.21875
0 0.2984375059604645 0.8020833134651184 0.17812499403953552 0.22708334028720856
0 0.4593749940395355 0.8062499761581421 0.17812499403953552 0.22708334028720856
0 0.6328125 0.5083333253860474 0.17812499403953552 0.22708334028720856
0 0.7718750238418579 0.2708333432674408 0.13906249403953552 0.18333333730697632
0 0.948437511920929 0.08124999701976776 0.10312499850988388 0.16041666269302368
0 0.910937488079071 0.2666666805744171 0.1484375 0.20000000298023224
0 0.949999988079071 0.7250000238418579 0.10000000149011612 0.22291666269302368
0 0.7593749761581421 0.8041666746139526 0.16562500596046448 0.2083333283662796
0 0.1875 0.4416666626930237 0.16562500596046448 0.2083333283662796
