0 0.4078125059604645 0.8145833611488342 0.16249999403953552 0.18541666865348816
0 0.5390625 0.6812499761581421 0.1875 0.20416666567325592
0 0.25 0.6854166388511658 0.17031249403953552 0.25
0 0.23906250298023224 0.4645833373069763 0.15781250596046448 0.22083333134651184
0 0.15781250596046448 0.26875001192092896 0.15312500298023224 0.21458333730697632
0 0.864062488079071 0.737500011920929 0.15312500298023224 0.21458333730697632
0 0.7109375 0.4333333373069763 0.16249999403953552 0.22291666269302368
0 0.543749988079071 0.4124999940395355 0.17031249403953552 0.22083333134651184
0 0.6484375 0.8604166507720947 0.17031249403953552 0.22083333134651184
0 0.12812499701976776 0.6416666507720947 0.17031249403953552 0.22083333134651184
0 0.13750000298023224 0.06458333134651184 0.17031249403953552 0.12708333134651184
