0 0.690625011920929 0.47083333134651184 0.16718749701976776 0.21666666865348816
0 0.84375 0.32499998807907104 0.1796875 0.21458333730697632
0 0.41718751192092896 0.31458333134651184 0.1796875 0.21458333730697632
0 0.06875000149011612 0.6479166746139526 0.13593749701976776 0.2083333283662796
0 0.47343748807907104 0.8729166388511658 0.12812499701976776 0.20000000298023224
0 0.824999988079071 0.08541666716337204 0.13906249403953552 0.16875000298023224
0 0.565625011920929 0.16875000298023224 0.18125000596046448 0.24375000596046448
0 0.08281250298023224 0.3791666626930237 0.16249999403953552 0.22708334028720856
0 0.12812499701976776 0.18125000596046448 0.1484375 0.21875
0 0.16718749701976776 0.9083333611488342 0.13593749701976776 0.18333333730697632
0 0.926562488079071 0.7833333611488342 0.14531250298023224 0.18125000596046448
0 0.703125 0.2562499940395355 0.14531250298023224 0.1979166716337204
