0 0.503125011920929 0.5062500238418579 0.13750000298023224 0.1979166716337204
0 0.629687488079071 0.5958333611488342 0.13750000298023224 0.1979166716337204
0 0.885937511920929 0.3270833194255829 0.13750000298023224 0.1979166716337204
0 0.792187511920929 0.5270833373069763 0.18906250596046448 0.23125000298023224
0 0.37968748807907104 0.3125 0.18906250596046448 0.23125000298023224
0 0.3375000059604645 0.5291666388511658 0.16249999403953552 0.22083333134651184
0 0.37968748807907104 0.11041666567325592 0.16249999403953552 0.21666666865348816
0 0.22187499701976776 0.46666666865348816 0.16249999403953552 0.22083333134651184
0 0.856249988079071 0.7437499761581421 0.16249999403953552 0.22083333134651184
0 0.504687488079071 0.8145833611488342 0.16249999403953552 0.22083333134651184
0 0.3265624940395355 0.8812500238418579 0.16249999403953552 0.22083333134651184
0 0.08124999701976776 0.7583333253860474 0.16093750298023224 0.22083333134651184
0 0.24375000596046448 0.7041666507720947 0.16249999403953552 0.22083333134651184
