0 0.557812511920929 0.15833333134651184 0.18437500298023224 0.22499999403953552
0 0.609375 0.7583333253860474 0.18437500298023224 0.22499999403953552
0 0.4765625 0.3958333432674408 0.13124999403953552 0.16875000298023224
0 0.39375001192092896 0.11041666567325592 0.15156249701976776 0.21666666865348816
0 0.08124999701976776 0.2770833373069763 0.12968750298023224 0.18333333730697632
0 0.22968749701976776 0.5249999761581421 0.12968750298023224 0.18333333730697632
0 0.07968749850988388 0.7541666626930237 0.12968750298023224 0.18333333730697632
0 0.887499988079071 0.3499999940395355 0.12968750298023224 0.18333333730697632
0 0.910937488079071 0.65625 0.17343750596046448 0.23125000298023224
0 0.765625 0.8833333253860474 0.19374999403953552 0.23333333432674408
0 0.13906249403953552 0.39791667461395264 0.140625 0.1770833283662796
0 0.23281249403953552 0.16875000298023224 0.14687499403953552 0.17083333432674408
