0 0.28437501192092896 0.6729166507720947 0.18906250596046448 0.22291666269302368
0 0.09687499701976776 0.37708333134651184 0.18906250596046448 0.22291666269302368
0 0.46875 0.19166666269302368 0.18906250596046448 0.22291666269302368
0 0.637499988079071 0.26875001192092896 0.16875000298023224 0.2083333283662796
0 0.7671874761581421 0.19374999403953552 0.16875000298023224 0.2083333283662796
0 0.839062511920929 0.37291666865348816 0.16718749701976776 0.21250000596046448
0 0.2640624940395355 0.09791667014360428 0.16093750298023224 0.19166666269302368
0 0.4515624940395355 0.4375 0.1875 0.1875
0 0.925000011920929 0.18333333730697632 0.1484375 0.1979166716337204
0 0.574999988079071 0.5062500238418579 0.17343750596046448 0.19583334028720856
0 0.4078125059604645 0.574999988079071 0.171875 0.22083333134651184
0 0.35624998807907104 0.8083333373069763 0.1484375 0.2083333283662796
