0 0.28437501192092896 0.5083333253860474 0.18125000596046448 0.20624999701976776
0 0.3671875 0.6770833134651184 0.16718749701976776 0.18541666865348816
0 0.36406248807907104 0.6729166507720947 0.16718749701976776 0.18541666865348816
0 0.6234375238418579 0.5291666388511658 0.17656250298023224 0.23125000298023224
0 0.7593749761581421 0.6833333373069763 0.1953125 0.21250000596046448
0 0.3609375059604645 0.3291666805744171 0.15937499701976776 0.21666666865348816
0 0.44218748807907104 0.8354166746139526 0.14218750596046448 0.20624999701976776
0 0.6171875 0.7854166626930237 0.19374999403953552 0.2541666626930237
0 0.746874988079071 0.3270833194255829 0.13124999403953552 0.21041665971279144
0 0.08281250298023224 0.2645833194255829 0.16249999403953552 0.21041665971279144
0 0.06406249850988388 0.4375 0.12656250596046448 0.22291666269302368
0 0.12656250596046448 0.625 0.18281249701976776 0.21041665971279144
0 0.893750011920929 0.24791666865348816 0.17499999701976776 0.20416666567325592
0 0.30937498807907104 0.14791665971279144 0.17031249403953552 0.21458333730697632
