0 0.9046875238418579 0.8520833253860474 0.17031249403953552 0.22083333134651184
0 0.7593749761581421 0.8166666626930237 0.17031249403953552 0.22083333134651184
0 0.27656251192092896 0.8604166507720947 0.14531250298023224 0.21666666865348816
0 0.574999988079071 0.7083333134651184 0.18593749403953552 0.25208333134651184
0 0.653124988079071 0.5333333611488342 0.18593749403953552 0.25208333134651184
0 0.6953125 0.11874999850988388 0.17343750596046448 0.23333333432674408
0 0.815625011920929 0.5166666507720947 0.15468749403953552 0.20208333432674408
0 0.15625 0.3083333373069763 0.16718749701976776 0.23125000298023224
0 0.18437500298023224 0.7083333134651184 0.19062499701976776 0.2083333283662796
0 0.40312498807907104 0.6791666746139526 0.1640625 0.1979166716337204
0 0.41874998807907104 0.8999999761581421 0.1640625 0.1979166716337204
0 0.2593750059604645 0.16875000298023224 0.1640625 0.23125000298023224
0 0.3765625059604645 0.09583333134651184 0.15468749403953552 0.18958333134651184
