0 0.590624988079071 0.32083332538604736 0.14687499403953552 0.18541666865348816
0 0.41874998807907104 0.78125 0.17656250298023224 0.2395833283662796
0 0.3125 0.2395833283662796 0.19374999403953552 0.2562499940395355
0 0.21875 0.10625000298023224 0.12343750149011612 0.14791665971279144
0 0.512499988079071 0.14166666567325592 0.16249999403953552 0.22499999403953552
0 0.7640625238418579 0.2958333194255829 0.140625 0.19374999403953552
0 0.9140625 0.7541666626930237 0.17031249403953552 0.22083333134651184
0 0.9359375238418579 0.543749988079071 0.12656250596046448 0.20624999701976776
0 0.7953125238418579 0.5729166865348816 0.14531250298023224 0.1979166716337204
0 0.9203125238418579 0.32083332538604736 0.15625 0.1979166716337204
0 0.8046875 0.9395833611488342 0.15625 0.12083332985639572
0 0.7749999761581421 0.762499988079071 0.15937499701976776 0.20416666567325592
0 0.078125 0.4479166567325592 0.15312500298023224 0.2395833283662796
0 0.5328124761581421 0.42916667461395264 0.15937499701976776 0.21666666865348816
