0 0.737500011920929 0.2541666626930237 0.13124999403953552 0.1666666716337204
0 0.8062499761581421 0.0729166641831398 0.1328125 0.14374999701976776
0 0.703125 0.0625 0.13750000298023224 0.12291666865348816
0 0.71875 0.4479166567325592 0.14687499403953552 0.20624999701976776
0 0.6015625 0.13958333432674408 0.13593749701976776 0.1770833283662796
0 0.12187500298023224 0.4333333373069763 0.140625 0.2083333283662796
0 0.36250001192092896 0.48124998807907104 0.16875000298023224 0.22708334028720856
0 0.21562500298023224 0.6854166388511658 0.15625 0.21666666865348816
0 0.17031249403953552 0.8083333373069763 0.15000000596046448 0.19583334028720856
0 0.21250000596046448 0.13750000298023224 0.16718749701976776 0.21041665971279144
0 0.9046875238418579 0.893750011920929 0.18125000596046448 0.21041665971279144
0 0.84375 0.34166666865348816 0.15781250596046448 0.21250000596046448
0 0.839062511920929 0.612500011920929 0.12812499701976776 0.20416666567325592
