0 0.839062511920929 0.862500011920929 0.17343750596046448 0.22291666269302368
0 0.75 0.574999988079071 0.17343750596046448 0.22291666269302368
0 0.6343749761581421 0.8583333492279053 0.17343750596046448 0.22291666269302368
0 0.729687511920929 0.25833332538604736 0.19218750298023224 0.2562499940395355
0 0.0703125 0.6499999761581421 0.13750000298023224 0.2541666626930237
0 0.07500000298023224 0.28333333134651184 0.14374999701976776 0.24791666865348816
0 0.871874988079071 0.3270833194255829 0.13906249403953552 0.19166666269302368
0 0.19062499701976776 0.675000011920929 0.1328125 0.20416666567325592
0 0.13906249403953552 0.07083333283662796 0.17812499403953552 0.13958333432674408
0 0.5218750238418579 0.18125000596046448 0.16249999403953552 0.1979166716337204
