0 0.16718749701976776 0.6729166507720947 0.16718749701976776 0.2562499940395355
0 0.5171874761581421 0.2291666716337204 0.16718749701976776 0.2562499940395355
0 0.3375000059604645 0.4333333373069763 0.20937499403953552 0.20624999701976776
0 0.7875000238418579 0.5520833134651184 0.15156249701976776 0.2083333283662796
0 0.8687499761581421 0.41458332538604736 0.15156249701976776 0.2083333283662796
0 0.7640625238418579 0.17083333432674408 0.15937499701976776 0.2708333432674408
0 0.08906249701976776 0.2770833373069763 0.17499999701976776 0.2604166567325592
0 0.18125000596046448 0.09791667014360428 0.16249999403953552 0.19374999403953552
0 0.9234374761581421 0.2395833283662796 0.15156249701976776 0.2083333283662796
0 0.9234374761581421 0.6479166746139526 0.15156249701976776 0.22083333134651184
