0 0.30156248807907104 0.8145833611488342 0.15312500298023224 0.1875
0 0.06406249850988388 0.24166665971279144 0.12656250596046448 0.18333333730697632
0 0.2421875 0.06875000149011612 0.15000000596046448 0.13333334028720856
0 0.3984375 0.08958332985639572 0.17343750596046448 0.1770833283662796
0 0.19687500596046448 0.25 0.17343750596046448 0.17916665971279144
0 0.12656250596046448 0.6333333253860474 0.14374999701976776 0.21666666865348816
0 0.171875 0.7083333134651184 0.11093749850988388 0.18958333134651184
0 0.12343750149011612 0.8395833373069763 0.15625 0.22291666269302368
0 0.4046874940395355 0.33541667461395264 0.15625 0.22291666269302368
0 0.8109375238418579 0.36666667461395264 0.13124999403953552 0.17499999701976776
