0 0.5796874761581421 0.9020833373069763 0.13124999403953552 0.19583334028720856
0 0.2718749940395355 0.8395833373069763 0.15312500298023224 0.20000000298023224
0 0.07656250149011612 0.7895833253860474 0.15156249701976776 0.20000000298023224
0 0.19843749701976776 0.6541666388511658 0.15312500298023224 0.20000000298023224
0 0.11562500149011612 0.08541666716337204 0.15625 0.16875000298023224
0 0.3343749940395355 0.10833333432674408 0.1796875 0.21458333730697632
0 0.5171874761581421 0.1145833358168602 0.15000000596046448 0.22499999403953552
0 0.8968750238418579 0.06458333134651184 0.15937499701976776 0.12708333134651184
0 0.8999999761581421 0.3166666626930237 0.1640625 0.21666666865348816
0 0.917187511920929 0.8666666746139526 0.1640625 0.21666666865348816
0 0.640625 0.6833333373069763 0.19218750298023224 0.23125000298023224
0 0.5562499761581421 0.5 0.19218750298023224 0.23125000298023224
0 0.13437500596046448 0.4208333194255829 0.16875000298023224 0.18958333134651184
0 0.39375001192092896 0.612500011920929 0.18906250596046448 0.2291666716337204
