0 0.7250000238418579 0.8833333253860474 0.15000000596046448 0.22291666269302368
0 0.801562488079071 0.2958333194255829 0.16562500596046448 0.21875
0 0.739062488079071 0.6083333492279053 0.18437500298023224 0.1979166716337204
0 0.36406248807907104 0.675000011920929 0.140625 0.2083333283662796
0 0.2593750059604645 0.8166666626930237 0.15468749403953552 0.20000000298023224
0 0.3109374940395355 0.8979166746139526 0.15937499701976776 0.16249999403953552
0 0.567187488079071 0.24166665971279144 0.17031249403953552 0.21458333730697632
0 0.699999988079071 0.6499999761581421 0.140625 0.19583334028720856
0 0.9390624761581421 0.3541666567325592 0.11406250298023224 0.22291666269302368
0 0.932812511920929 0.1770833283662796 0.1328125 0.19374999403953552
