0 0.42656248807907104 0.5583333373069763 0.16562500596046448 0.19374999403953552
0 0.651562511920929 0.13124999403953552 0.16875000298023224 0.24583333730697632
0 0.7250000238418579 0.41874998807907104 0.1328125 0.21250000596046448
0 0.4828124940395355 0.11666666716337204 0.16562500596046448 0.21875
0 0.29374998807907104 0.3812499940395355 0.2265625 0.2291666716337204
0 0.6812499761581421 0.706250011920929 0.1796875 0.21250000596046448
0 0.19374999403953552 0.5625 0.12031249701976776 0.16041666269302368
0 0.17343750596046448 0.8812500238418579 0.15468749403953552 0.19583334028720856
0 0.2421875 0.1770833283662796 0.17031249403953552 0.23333333432674408
0 0.4749999940395355 0.36666667461395264 0.16875000298023224 0.21041665971279144
0 0.34843748807907104 0.8833333253860474 0.15156249701976776 0.23333333432674408
