0 0.29218751192092896 0.8416666388511658 0.17499999701976776 0.19166666269302368
0 0.528124988079071 0.24375000596046448 0.18593749403953552 0.22291666269302368
0 0.828125 0.11666666716337204 0.18593749403953552 0.22291666269302368
0 0.925000011920929 0.28958332538604736 0.15000000596046448 0.21458333730697632
0 0.8187500238418579 0.4375 0.18593749403953552 0.22291666269302368
0 0.16875000298023224 0.7749999761581421 0.12187500298023224 0.27291667461395264
0 0.7437499761581421 0.887499988079071 0.18593749403953552 0.22291666269302368
0 0.7109375 0.6625000238418579 0.18593749403953552 0.22291666269302368
0 0.612500011920929 0.07916666567325592 0.1796875 0.15416666865348816
0 0.15468749403953552 0.17499999701976776 0.18593749403953552 0.22291666269302368
