0 0.723437488079071 0.22083333134651184 0.16249999403953552 0.20208333432674408
0 0.559374988079071 0.16458334028720856 0.16249999403953552 0.20208333432674408
0 0.15937499701976776 0.40416666865348816 0.16249999403953552 0.20208333432674408
0 0.22812500596046448 0.8812500238418579 0.19062499701976776 0.22291666269302368
0 0.1796875 0.706250011920929 0.12968750298023224 0.19583334028720856
0 0.699999988079071 0.7541666626930237 0.12968750298023224 0.19583334028720856
0 0.817187488079071 0.7479166388511658 0.140625 0.1875
0 0.871874988079071 0.47083333134651184 0.14374999701976776 0.22291666269302368
0 0.8843749761581421 0.2979166805744171 0.16093750298023224 0.1979166716337204
0 0.3812499940395355 0.4000000059604645 0.16093750298023224 0.1979166716337204
0 0.05781250074505806 0.7770833373069763 0.11406250298023224 0.25208333134651184
0 0.948437511920929 0.6791666746139526 0.1015625 0.22499999403953552
