0 0.12656250596046448 0.6958333253860474 0.16562500596046448 0.20000000298023224
0 0.20468750596046448 0.5166666507720947 0.15468749403953552 0.1979166716337204
0 0.17031249403953552 0.08958332985639572 0.15468749403953552 0.17499999701976776
0 0.36406248807907104 0.1145833358168602 0.16562500596046448 0.21666666865348816
0 0.612500011920929 0.08958332985639572 0.19687500596046448 0.17499999701976776
0 0.5531250238418579 0.31041666865348816 0.15781250596046448 0.21875
0 0.715624988079071 0.375 0.15781250596046448 0.21875
0 0.8203125 0.6395833492279053 0.17812499403953552 0.17291666567325592
0 0.3359375 0.8895833492279053 0.17812499403953552 0.22083333134651184
0 0.8812500238418579 0.2750000059604645 0.17812499403953552 0.22083333134651184
0 0.8218749761581421 0.17083333432674408 0.17812499403953552 0.22083333134651184
0 0.910937488079071 0.4791666567325592 0.17812499403953552 0.17291666567325592
0 0.3812499940395355 0.5354166626930237 0.15781250596046448 0.22083333134651184
0 0.2953124940395355 0.3499999940395355 0.17499999701976776 0.24583333730697632
