0 0.18125000596046448 0.41874998807907104 0.15156249701976776 0.1979166716337204
0 0.05156249925494194 0.4208333194255829 0.1015625 0.2395833283662796
0 0.421875 0.4479166567325592 0.19843749701976776 0.2291666716337204
0 0.760937511920929 0.8166666626930237 0.1640625 0.1875
0 0.917187511920929 0.8541666865348816 0.16249999403953552 0.22499999403953552
0 0.778124988079071 0.5729166865348816 0.16249999403953552 0.22499999403953552
0 0.8968750238418579 0.3125 0.20468750596046448 0.23541666567325592
0 0.793749988079071 0.11874999850988388 0.16249999403953552 0.22499999403953552
0 0.6343749761581421 0.4124999940395355 0.16249999403953552 0.22499999403953552
0 0.34843748807907104 0.8041666746139526 0.16875000298023224 0.2874999940395355
0 0.1796875 0.737500011920929 0.15937499701976776 0.21666666865348816
0 0.1953125 0.5249999761581421 0.15937499701976776 0.21666666865348816
0 0.2796874940395355 0.13124999403953552 0.11874999850988388 0.18958333134651184
0 0.565625011920929 0.19583334028720856 0.14531250298023224 0.19583334028720856
0 0.640625 0.05833333358168602 0.17031249403953552 0.1145833358168602
0 0.12656250596046448 0.23333333432674408 0.14531250298023224 0.19583334028720856
0 0.19218750298023224 0.8687499761581421 0.1796875 0.19166666269302368
