0 0.26093751192092896 0.5104166865348816 0.18125000596046448 0.20624999701976776
0 0.3531250059604645 0.7250000238418579 0.15781250596046448 0.21666666865348816
0 0.25312501192092896 0.737500011920929 0.14374999701976776 0.1875
0 0.3812499940395355 0.11249999701976776 0.1796875 0.22291666269302368
0 0.784375011920929 0.8374999761581421 0.15937499701976776 0.21666666865348816
0 0.7953125238418579 0.4749999940395355 0.16718749701976776 0.23125000298023224
0 0.768750011920929 0.574999988079071 0.16562500596046448 0.21250000596046448
0 0.4937500059604645 0.36666667461395264 0.171875 0.1979166716337204
0 0.9375 0.27291667461395264 0.125 0.24583333730697632
0 0.918749988079071 0.0729166641831398 0.15781250596046448 0.14166666567325592
0 0.78125 0.0729166641831398 0.15781250596046448 0.14166666567325592
0 0.589062511920929 0.09583333134651184 0.15781250596046448 0.18958333134651184
0 0.734375 0.23333333432674408 0.15468749403953552 0.20208333432674408
0 0.43281251192092896 0.3270833194255829 0.15468749403953552 0.20208333432674408
0 0.18906250596046448 0.19374999403953552 0.15468749403953552 0.20208333432674408
0 0.109375 0.625 0.16718749701976776 0.23125000298023224
0 0.4765625 0.5604166388511658 0.15781250596046448 0.15000000596046448
0 0.9312499761581421 0.59375 0.13750000298023224 0.21666666865348816
