0 0.0703125 0.6645833253860474 0.13750000298023224 0.24583333730697632
0 0.19843749701976776 0.3479166626930237 0.171875 0.25833332538604736
0 0.6000000238418579 0.5541666746139526 0.13906249403953552 0.21458333730697632
0 0.41093748807907104 0.6000000238418579 0.17812499403953552 0.17291666567325592
0 0.543749988079071 0.7520833611488342 0.19062499701976776 0.21041665971279144
0 0.35624998807907104 0.8291666507720947 0.19062499701976776 0.21041665971279144
0 0.6234375238418579 0.11249999701976776 0.15000000596046448 0.20208333432674408
0 0.731249988079071 0.2666666805744171 0.20000000298023224 0.1770833283662796
0 0.7906249761581421 0.8895833492279053 0.17499999701976776 0.22083333134651184
0 0.778124988079071 0.6458333134651184 0.19843749701976776 0.21458333730697632
0 0.12812499701976776 0.8916666507720947 0.18593749403953552 0.21458333730697632
0 0.32499998807907104 0.12083332985639572 0.15000000596046448 0.20208333432674408
0 0.870312511920929 0.40625 0.15000000596046448 0.20208333432674408
0 0.815625011920929 0.08124999701976776 0.15156249701976776 0.15833333134651184
