0 0.23125000298023224 0.0833333358168602 0.20624999701976776 0.16249999403953552
0 0.5625 0.38333332538604736 0.13750000298023224 0.22499999403953552
0 0.5093749761581421 0.6083333492279053 0.14218750596046448 0.19374999403953552
0 0.6875 0.1041666641831398 0.14218750596046448 0.19166666269302368
0 0.714062511920929 0.8374999761581421 0.15000000596046448 0.19166666269302368
0 0.9359375238418579 0.42916667461395264 0.12656250596046448 0.19374999403953552
0 0.8812500238418579 0.15000000596046448 0.12656250596046448 0.19374999403953552
0 0.8359375 0.9083333611488342 0.140625 0.17083333432674408
0 0.140625 0.731249988079071 0.13750000298023224 0.23541666567325592
0 0.22187499701976776 0.3125 0.1484375 0.21458333730697632
0 0.359375 0.2666666805744171 0.14218750596046448 0.1770833283662796
0 0.24062499403953552 0.5145833492279053 0.17656250298023224 0.21458333730697632
0 0.3578124940395355 0.6520833373069763 0.1328125 0.19374999403953552
0 0.3984375 0.762499988079071 0.14218750596046448 0.1875
0 0.2874999940395355 0.824999988079071 0.16718749701976776 0.2083333283662796
