0 0.1796875 0.22708334028720856 0.15625 0.28125
0 0.671875 0.08749999850988388 0.1796875 0.17083333432674408
0 0.4468750059604645 0.1145833358168602 0.18593749403953552 0.21666666865348816
0 0.8531249761581421 0.375 0.18593749403953552 0.21666666865348816
0 0.3656249940395355 0.7083333134651184 0.18593749403953552 0.21666666865348816
0 0.23906250298023224 0.9020833373069763 0.18437500298023224 0.19374999403953552
0 0.5703125 0.8500000238418579 0.17031249403953552 0.23749999701976776
0 0.15937499701976776 0.6583333611488342 0.16562500596046448 0.18125000596046448
0 0.3421874940395355 0.27291667461395264 0.16875000298023224 0.22499999403953552
0 0.27656251192092896 0.4791666567325592 0.22187499701976776 0.2604166567325592
0 0.8125 0.9125000238418579 0.17031249403953552 0.17291666567325592
0 0.934374988079071 0.5291666388511658 0.12968750298023224 0.21875
