0 0.09687499701976776 0.3541666567325592 0.17031249403953552 0.21458333730697632
0 0.515625 0.10833333432674408 0.17031249403953552 0.21250000596046448
0 0.7250000238418579 0.20000000298023224 0.17656250298023224 0.23333333432674408
0 0.9296875 0.5666666626930237 0.140625 0.22499999403953552
0 0.765625 0.5895833373069763 0.15468749403953552 0.20416666567325592
0 0.4921875 0.4437499940395355 0.16875000298023224 0.21875
0 0.49531251192092896 0.6229166388511658 0.16718749701976776 0.2541666626930237
0 0.40937501192092896 0.7562500238418579 0.18437500298023224 0.18958333134651184
0 0.5390625 0.8895833492279053 0.18593749403953552 0.21875
0 0.28125 0.4729166626930237 0.21718749403953552 0.2874999940395355
0 0.8203125 0.3812499940395355 0.21250000596046448 0.24583333730697632
0 0.41718751192092896 0.2666666805744171 0.17031249403953552 0.21458333730697632
