0 0.1484375 0.5395833253860474 0.203125 0.19374999403953552
0 0.06718750298023224 0.8979166746139526 0.13124999403953552 0.18958333134651184
0 0.1953125 0.7749999761581421 0.16249999403953552 0.21666666865348816
0 0.864062488079071 0.22291666269302368 0.17812499403953552 0.2562499940395355
0 0.6312500238418579 0.25208333134651184 0.18906250596046448 0.31041666865348816
0 0.932812511920929 0.39791667461395264 0.1328125 0.23333333432674408
0 0.917187511920929 0.8708333373069763 0.16562500596046448 0.2562499940395355
0 0.6171875 0.6020833253860474 0.17812499403953552 0.2562499940395355
0 0.6265624761581421 0.8708333373069763 0.17812499403953552 0.2562499940395355
0 0.4234375059604645 0.3854166567325592 0.21718749403953552 0.3062500059604645
