0 0.7203124761581421 0.7833333611488342 0.140625 0.18541666865348816
0 0.4453125 0.918749988079071 0.140625 0.16249999403953552
0 0.125 0.46666666865348816 0.14218750596046448 0.21666666865348816
0 0.6875 0.39791667461395264 0.140625 0.18541666865348816
0 0.574999988079071 0.36666667461395264 0.2109375 0.13750000298023224
0 0.2640624940395355 0.10000000149011612 0.20156249403953552 0.19583334028720856
0 0.893750011920929 0.8187500238418579 0.1484375 0.2291666716337204
0 0.8999999761581421 0.20208333432674408 0.12187500298023224 0.1875
0 0.578125 0.5416666865348816 0.20156249403953552 0.21875
0 0.785937488079071 0.5729166865348816 0.1328125 0.25208333134651184
0 0.3656249940395355 0.6916666626930237 0.140625 0.18541666865348816
0 0.15781250596046448 0.7145833373069763 0.19218750298023224 0.17499999701976776
