0 0.31562501192092896 0.4312500059604645 0.19374999403953552 0.19166666269302368
0 0.6328125 0.6833333373069763 0.14218750596046448 0.18958333134651184
0 0.7718750238418579 0.75 0.203125 0.24166665971279144
0 0.8984375 0.581250011920929 0.16875000298023224 0.20208333432674408
0 0.71875 0.4312500059604645 0.21250000596046448 0.22499999403953552
0 0.7109375 0.21875 0.14687499403953552 0.20416666567325592
0 0.6546875238418579 0.10208333283662796 0.14687499403953552 0.20208333432674408
0 0.926562488079071 0.20208333432674408 0.14687499403953552 0.20416666567325592
0 0.3578124940395355 0.09791667014360428 0.17656250298023224 0.19166666269302368
0 0.171875 0.07500000298023224 0.15468749403953552 0.14791665971279144
0 0.05156249925494194 0.15208333730697632 0.1015625 0.20000000298023224
