0 0.6656249761581421 0.6854166388511658 0.171875 0.21250000596046448
0 0.917187511920929 0.44583332538604736 0.15312500298023224 0.1979166716337204
0 0.856249988079071 0.2291666716337204 0.15937499701976776 0.20416666567325592
0 0.23125000298023224 0.5645833611488342 0.13437500596046448 0.21041665971279144
0 0.41718751192092896 0.8145833611488342 0.1328125 0.1770833283662796
0 0.17031249403953552 0.6479166746139526 0.13437500596046448 0.18958333134651184
0 0.07187499850988388 0.07500000298023224 0.14218750596046448 0.14791665971279144
0 0.11249999701976776 0.4020833373069763 0.12968750298023224 0.17291666567325592
0 0.6578124761581421 0.4124999940395355 0.13906249403953552 0.18958333134651184
0 0.49687498807907104 0.17083333432674408 0.19374999403953552 0.22708334028720856
0 0.17031249403953552 0.20416666567325592 0.14374999701976776 0.23125000298023224
0 0.729687511920929 0.2395833283662796 0.15468749403953552 0.21250000596046448
0 0.5484374761581421 0.8500000238418579 0.13906249403953552 0.18958333134651184
