0 0.35624998807907104 0.8208333253860474 0.15625 0.18333333730697632
0 0.33125001192092896 0.3854166567325592 0.15625 0.18333333730697632
0 0.4046874940395355 0.17916665971279144 0.17031249403953552 0.23541666567325592
0 0.22812500596046448 0.08541666716337204 0.16093750298023224 0.1666666716337204
0 0.528124988079071 0.6520833373069763 0.15937499701976776 0.22291666269302368
0 0.7796875238418579 0.37708333134651184 0.15937499701976776 0.22291666269302368
0 0.745312511920929 0.6041666865348816 0.1484375 0.19583334028720856
0 0.734375 0.8999999761581421 0.1484375 0.1979166716337204
0 0.6265624761581421 0.10833333432674408 0.1015625 0.14374999701976776
0 0.078125 0.20208333432674408 0.15000000596046448 0.1666666716337204
0 0.629687488079071 0.3604166805744171 0.15781250596046448 0.21041665971279144
0 0.11249999701976776 0.4124999940395355 0.15625 0.18333333730697632
