0 0.8031250238418579 0.5145833492279053 0.17656250298023224 0.20416666567325592
0 0.7203124761581421 0.6020833253860474 0.17656250298023224 0.20416666567325592
0 0.6578124761581421 0.18541666865348816 0.17656250298023224 0.20416666567325592
0 0.8921874761581421 0.27291667461395264 0.18437500298023224 0.23541666567325592
0 0.8109375238418579 0.2562499940395355 0.15937499701976776 0.21666666865348816
0 0.3609375059604645 0.4541666805744171 0.17656250298023224 0.20416666567325592
0 0.5218750238418579 0.8479166626930237 0.17656250298023224 0.20416666567325592
0 0.910937488079071 0.7395833134651184 0.17656250298023224 0.20416666567325592
0 0.4453125 0.1666666716337204 0.17656250298023224 0.20416666567325592
0 0.12343750149011612 0.19374999403953552 0.17656250298023224 0.20416666567325592
0 0.12031249701976776 0.7479166388511658 0.17656250298023224 0.20416666567325592
0 0.27656251192092896 0.6854166388511658 0.17656250298023224 0.20416666567325592
0 0.15781250596046448 0.8979166746139526 0.12968750298023224 0.20416666567325592
0 0.19062499701976776 0.40416666865348816 0.22499999403953552 0.25
0 0.698437511920929 0.9208333492279053 0.15000000596046448 0.15625
