0 0.42656248807907104 0.6854166388511658 0.17812499403953552 0.2083333283662796
0 0.27031248807907104 0.8541666865348816 0.17656250298023224 0.2708333432674408
0 0.7953125238418579 0.7583333253860474 0.17812499403953552 0.2083333283662796
0 0.690625011920929 0.7645833492279053 0.17812499403953552 0.2083333283662796
0 0.8687499761581421 0.5687500238418579 0.16093750298023224 0.21458333730697632
0 0.840624988079071 0.46875 0.15625 0.19166666269302368
0 0.823437511920929 0.21458333730697632 0.15625 0.19166666269302368
0 0.7437499761581421 0.24166665971279144 0.15625 0.19166666269302368
0 0.6703125238418579 0.4583333432674408 0.16562500596046448 0.21458333730697632
0 0.07500000298023224 0.4749999940395355 0.1484375 0.20624999701976776
0 0.07500000298023224 0.10208333283662796 0.1484375 0.20208333432674408
0 0.5218750238418579 0.512499988079071 0.15000000596046448 0.20624999701976776
