0 0.6000000238418579 0.8583333492279053 0.16249999403953552 0.19583334028720856
0 0.43437498807907104 0.9145833253860474 0.15312500298023224 0.17083333432674408
0 0.875 0.35624998807907104 0.16093750298023224 0.22291666269302368
0 0.7171875238418579 0.12916666269302368 0.16093750298023224 0.22291666269302368
0 0.5453125238418579 0.2916666567325592 0.1796875 0.22291666269302368
0 0.582812488079071 0.4749999940395355 0.14218750596046448 0.22499999403953552
0 0.4921875 0.643750011920929 0.14218750596046448 0.22499999403953552
0 0.5546875 0.6854166388511658 0.10781250149011612 0.16041666269302368
0 0.04843749850988388 0.16875000298023224 0.09531249850988388 0.21666666865348816
0 0.13593749701976776 0.3270833194255829 0.1796875 0.22291666269302368
0 0.40937501192092896 0.22291666269302368 0.15312500298023224 0.21875
0 0.5062500238418579 0.08124999701976776 0.15625 0.15833333134651184
0 0.26093751192092896 0.20624999701976776 0.18437500298023224 0.20208333432674408
0 0.8359375 0.8708333373069763 0.16093750298023224 0.22291666269302368
0 0.05781250074505806 0.8916666507720947 0.11406250298023224 0.19166666269302368
