0 0.2984375059604645 0.6312500238418579 0.1796875 0.23333333432674408
0 0.645312488079071 0.24583333730697632 0.1796875 0.23333333432674408
0 0.7203124761581421 0.7145833373069763 0.1796875 0.23333333432674408
0 0.5625 0.49166667461395264 0.11406250298023224 0.24375000596046448
0 0.3203125 0.3916666805744171 0.19374999403953552 0.2395833283662796
0 0.5140625238418579 0.8708333373069763 0.16718749701976776 0.22499999403953552
0 0.32499998807907104 0.8374999761581421 0.20000000298023224 0.20416666567325592
0 0.8671875 0.5562499761581421 0.1796875 0.23333333432674408
0 0.832812488079071 0.8916666507720947 0.15625 0.21458333730697632
0 0.598437488079071 0.07708333432674408 0.18125000596046448 0.15000000596046448
0 0.4906249940395355 0.4895833432674408 0.1796875 0.2291666716337204
0 0.19843749701976776 0.8270833492279053 0.19062499701976776 0.20208333432674408
