0 0.8828125 0.4166666567325592 0.17499999701976776 0.22291666269302368
0 0.7484375238418579 0.4208333194255829 0.109375 0.23333333432674408
0 0.6265624761581421 0.5687500238418579 0.17499999701976776 0.22708334028720856
0 0.5531250238418579 0.800000011920929 0.2109375 0.2541666626930237
0 0.06718750298023224 0.41458332538604736 0.1328125 0.18958333134651184
0 0.5406249761581421 0.2750000059604645 0.13437500596046448 0.18958333134651184
0 0.660937488079071 0.11874999850988388 0.13437500596046448 0.18958333134651184
0 0.9390624761581421 0.625 0.11874999850988388 0.20624999701976776
0 0.20624999701976776 0.1041666641831398 0.15468749403953552 0.20416666567325592
0 0.16718749701976776 0.27916666865348816 0.17343750596046448 0.19374999403953552
