0 0.14687499403953552 0.4437499940395355 0.13593749701976776 0.22499999403953552
0 0.4234375059604645 0.6833333373069763 0.19062499701976776 0.22499999403953552
0 0.875 0.4937500059604645 0.140625 0.21250000596046448
0 0.7421875 0.4437499940395355 0.1640625 0.21666666865348816
0 0.6546875238418579 0.8916666507720947 0.18906250596046448 0.21458333730697632
0 0.4937500059604645 0.925000011920929 0.19374999403953552 0.14791665971279144
0 0.2984375059604645 0.925000011920929 0.14218750596046448 0.14791665971279144
0 0.16875000298023224 0.9416666626930237 0.12343750149011612 0.11666666716337204
0 0.25312501192092896 0.2708333432674408 0.1484375 0.17291666567325592
0 0.4124999940395355 0.08749999850988388 0.171875 0.17083333432674408
0 0.23749999701976776 0.0729166641831398 0.16093750298023224 0.14374999701976776
0 0.6343749761581421 0.0729166641831398 0.16093750298023224 0.14374999701976776
0 0.8421875238418579 0.8458333611488342 0.12812499701976776 0.20416666567325592
0 0.6734374761581421 0.6916666626930237 0.14687499403953552 0.19166666269302368
0 0.823437511920929 0.2750000059604645 0.16093750298023224 0.20208333432674408
