0 0.715624988079071 0.5791666507720947 0.16718749701976776 0.21458333730697632
0 0.8999999761581421 0.3395833373069763 0.1875 0.22499999403953552
0 0.6109374761581421 0.20416666567325592 0.1875 0.22499999403953552
0 0.4390625059604645 0.14374999701976776 0.1796875 0.19374999403953552
0 0.668749988079071 0.7583333253860474 0.16093750298023224 0.1979166716337204
0 0.07500000298023224 0.4791666567325592 0.14687499403953552 0.2604166567325592
0 0.796875 0.08958332985639572 0.18906250596046448 0.17499999701976776
0 0.526562511920929 0.7458333373069763 0.14218750596046448 0.22499999403953552
0 0.893750011920929 0.6354166865348816 0.14218750596046448 0.22499999403953552
0 0.30000001192092896 0.2645833194255829 0.16718749701976776 0.2541666626930237
0 0.2640624940395355 0.08749999850988388 0.1640625 0.17083333432674408
