0 0.3531250059604645 0.6937500238418579 0.14531250298023224 0.21875
0 0.45625001192092896 0.8229166865348816 0.14531250298023224 0.21875
0 0.7671874761581421 0.643750011920929 0.18593749403953552 0.21666666865348816
0 0.90625 0.53125 0.18593749403953552 0.21666666865348816
0 0.917187511920929 0.3187499940395355 0.1640625 0.21875
0 0.604687511920929 0.7083333134651184 0.17343750596046448 0.2562499940395355
0 0.3453125059604645 0.10625000298023224 0.18437500298023224 0.21041665971279144
0 0.17812499403953552 0.24375000596046448 0.18437500298023224 0.21250000596046448
0 0.3109374940395355 0.44583332538604736 0.18437500298023224 0.21250000596046448
0 0.09218750149011612 0.668749988079071 0.18125000596046448 0.21250000596046448
