0 0.08906249701976776 0.8854166865348816 0.16562500596046448 0.20624999701976776
0 0.542187511920929 0.20624999701976776 0.16562500596046448 0.20624999701976776
0 0.29374998807907104 0.5145833492279053 0.1328125 0.16249999403953552
0 0.8343750238418579 0.7437499761581421 0.15468749403953552 0.20624999701976776
0 0.942187488079071 0.5062500238418579 0.11406250298023224 0.21041665971279144
0 0.746874988079071 0.23749999701976776 0.15468749403953552 0.20624999701976776
0 0.895312488079071 0.125 0.15468749403953552 0.18958333134651184
0 0.6078125238418579 0.10000000149011612 0.16249999403953552 0.1979166716337204
0 0.13750000298023224 0.41458332538604736 0.15937499701976776 0.23749999701976776
0 0.19687500596046448 0.22291666269302368 0.20468750596046448 0.2874999940395355
0 0.2750000059604645 0.90625 0.125 0.16875000298023224
0 0.7671874761581421 0.4645833373069763 0.17656250298023224 0.17916665971279144
0 0.7515624761581421 0.9395833611488342 0.14374999701976776 0.10625000298023224
0 0.9671875238418579 0.22083333134651184 0.06562499701976776 0.19166666269302368
