0 0.4765625 0.824999988079071 0.17031249403953552 0.2291666716337204
0 0.5874999761581421 0.9229166507720947 0.17812499403953552 0.14791665971279144
0 0.7203124761581421 0.7958333492279053 0.17031249403953552 0.2291666716337204
0 0.7109375 0.581250011920929 0.13124999403953552 0.1875
0 0.581250011920929 0.6291666626930237 0.17031249403953552 0.2291666716337204
0 0.40156251192092896 0.2916666567325592 0.17031249403953552 0.2291666716337204
0 0.3265624940395355 0.33125001192092896 0.16562500596046448 0.21666666865348816
0 0.518750011920929 0.0729166641831398 0.16093750298023224 0.14374999701976776
0 0.692187488079071 0.30416667461395264 0.17031249403953552 0.2291666716337204
0 0.7749999761581421 0.08541666716337204 0.16562500596046448 0.1666666716337204
0 0.14374999701976776 0.36250001192092896 0.19062499701976776 0.20000000298023224
0 0.25468748807907104 0.14791665971279144 0.1796875 0.22291666269302368
