0 0.7562500238418579 0.3291666805744171 0.17031249403953552 0.19583334028720856
0 0.5921875238418579 0.34583333134651184 0.15781250596046448 0.18958333134651184
0 0.692187488079071 0.856249988079071 0.15781250596046448 0.18958333134651184
0 0.15156249701976776 0.15416666865348816 0.18906250596046448 0.2604166567325592
0 0.5234375 0.11666666716337204 0.22968749701976776 0.2291666716337204
0 0.3531250059604645 0.5208333134651184 0.17343750596046448 0.19374999403953552
0 0.4124999940395355 0.7354166507720947 0.12343750149011612 0.17291666567325592
0 0.5718749761581421 0.8104166388511658 0.15468749403953552 0.16458334028720856
0 0.8843749761581421 0.7895833253860474 0.18593749403953552 0.23541666567325592
0 0.4546875059604645 0.3166666626930237 0.17031249403953552 0.22083333134651184
0 0.734375 0.15208333730697632 0.15781250596046448 0.23125000298023224
