0 0.578125 0.3166666626930237 0.18437500298023224 0.2395833283662796
0 0.07500000298023224 0.22499999403953552 0.14687499403953552 0.20416666567325592
0 0.20624999701976776 0.17291666567325592 0.1875 0.2083333283662796
0 0.15937499701976776 0.887499988079071 0.15781250596046448 0.19374999403953552
0 0.7578125 0.918749988079071 0.19062499701976776 0.15833333134651184
0 0.885937511920929 0.20416666567325592 0.140625 0.19374999403953552
0 0.7124999761581421 0.4541666805744171 0.140625 0.19374999403953552
0 0.20624999701976776 0.42500001192092896 0.15312500298023224 0.18541666865348816
0 0.09375 0.7416666746139526 0.1640625 0.19583334028720856
0 0.8500000238418579 0.4645833373069763 0.1640625 0.19583334028720856
0 0.739062488079071 0.09166666865348816 0.15156249701976776 0.17916665971279144
