0 0.3515625 0.5958333611488342 0.18437500298023224 0.2083333283662796
0 0.14374999701976776 0.5270833373069763 0.18906250596046448 0.24791666865348816
0 0.2890625 0.8145833611488342 0.15781250596046448 0.21250000596046448
0 0.15781250596046448 0.7395833134651184 0.15781250596046448 0.21250000596046448
0 0.9359375238418579 0.4270833432674408 0.12812499701976776 0.20208333432674408
0 0.770312488079071 0.31041666865348816 0.1484375 0.19583334028720856
0 0.48750001192092896 0.1145833358168602 0.1796875 0.22708334028720856
0 0.20937499403953552 0.21041665971279144 0.19062499701976776 0.24375000596046448
0 0.296875 0.3958333432674408 0.12656250596046448 0.1666666716337204
0 0.9375 0.8979166746139526 0.12343750149011612 0.20208333432674408
